Feature	Gain	Cover	Frequency
ctrx_quarter_normalizado	0.179931473745843	0.00606619184101932	0.004412273940775
mcaja_ahorro_rank	0.0658859218275151	0.00512677242556958	0.00559632720083107
ctrx_quarter	0.0442633700803549	0.0027843543311383	0.00258034248182031
cpayroll_trx	0.0286220242391595	0.00531497524546391	0.002647364364465
mtarjeta_visa_consumo_rank	0.0260293252131897	0.00412041413080944	0.00335109413223417
mcuentas_saldo_rank_avg3	0.0187693564080421	0.00463116744390687	0.00376439574187639
mprestamos_personales_rank	0.0183034853828214	0.00911070130333981	0.00463568021625728
mcuenta_corriente_rank	0.0181296231037439	0.00581596025666911	0.00675803983333892
vm_status06_tend3	0.0144428501548921	0.000264927977096756	0.000145214079063481
cdescubierto_preacordado_tend3	0.0144422745682219	0.00139485744868287	0.000480323492286898
mcuentas_saldo_rank	0.0142566327929902	0.0067561218680705	0.00771868681791271
cdescubierto_preacordado_delta2	0.0119274954816159	0.00187699907322558	0.000592026630028038
vm_status01	0.0114378469117205	0.00263199365465547	0.000781921964187974
vm_status06	0.0109380245099525	0.000181947633545762	6.70218826446835e-05
mpayroll_sobre_edad_rank	0.00984022664606103	0.00634306190817199	0.00277023781598025
cdescubierto_preacordado_avg3	0.00979488570111424	0.0059354457785114	0.00225640338237101
mpasivos_margen_rank	0.00913831702478043	0.00219270648026368	0.00432291143058209
vm_status04_delta2	0.00860114741636397	0.000455115798691853	0.000279257844352848
vm_mpagospesos_rank	0.00835200979738035	0.00102918207038755	0.00134043765289367
cproductos_tend3	0.00826612910508752	0.00190751719220665	0.000927136043251455
foto_mes	0.0080752208073563	0.00587351517686182	0.00937189325648158
mprestamos_personales_rank_delta2	0.00781192388821738	0.00942237593201558	0.00352981915262
mpasivos_margen_rank_avg3	0.006927594733639	0.00181548174006776	0.00278140812975437
mv_status07_rank_delta2	0.00689972502261488	0.00263961932507411	0.00109469074986316
cdescubierto_preacordado	0.00660976183669905	0.00187914857712136	0.00116171263250785
ctrx_quarter_avg3	0.0062515685162269	0.000847775178507557	0.00117288294628196
ctrx_quarter_delta2	0.00578011322081987	0.00185610247350788	0.00313885817052601
ctarjeta_visa_transacciones	0.00546891143317574	0.00404141138109642	0.004412273940775
vm_Finiciomora	0.00500615087506437	0.00318441907921251	0.00127341577024899
ctarjeta_visa	0.00473050811677082	0.0004481820375835	0.000223406275482278
mpayroll_rank	0.00454561903047708	0.00250036792210901	0.0018431017727288
mprestamos_personales_rank_delta1	0.00439903495438018	0.00791503234397321	0.00338460507355652
mcuentas_saldo_rank_delta2	0.00437315750036161	0.002725913227492	0.0043340817443562
ctrx_quarter_delta1	0.00435784798045866	0.00373407607158406	0.00357450040771645
vm_mpagominimo_rank	0.00424183400502339	0.00319585217409016	0.00241278777520861
mcuenta_corriente_rank_delta2	0.00420176397984639	0.00193709845644226	0.00259151279559443
ccomisiones_mantenimiento_delta2	0.00419366238337915	0.00124983115962056	0.00103883918099259
mactivos_margen_rank	0.0037448072190502	0.00496906264544405	0.00724953363939993
mrentabilidad_annual_rank_lag2	0.00366402379882946	0.00284312461867816	0.00640058979256727
ctrx_quarter_normalizado_delta2	0.0036515224493712	0.00164008165289008	0.00282608938485082
Visa_Finiciomora	0.0036058528652595	0.00363920741211634	0.00102766886721848
vm_msaldototal_rank	0.00340310562116465	0.000687114564931852	0.000938306357025569
ctrx_quarter_normalizado_delta1	0.0033349474007866	0.00380244059384551	0.00318353942562247
ccaja_ahorro	0.00329855091635695	0.00572798332883233	0.0020888486757593
cproductos_delta1	0.00318618082095065	0.00202516311023525	0.00111703137741139
mprestamos_personales_rank_tend3	0.00315441527357621	0.00282344489926622	0.0014409704768607
cprestamos_personales_delta2	0.00308054630059663	0.00230885777468581	0.000703729767769177
mprestamos_personales_rank_avg3	0.00295479907974712	0.00131229693832541	0.00117288294628196
ctarjeta_visa_transacciones_delta2	0.00282404215465871	0.00369330896580893	0.00196597522424405
cproductos	0.00279090671225865	0.00244255310639856	0.00227874400991924
Visa_mpagominimo_rank	0.00277951048413885	0.00247879031151172	0.00356333009394234
mactivos_margen_rank_avg3	0.00272930405039652	0.0043266298000176	0.00470270209890196
ccaja_seguridad	0.00259498656097335	0.00439768359339268	0.00125107514270076
mcuenta_corriente_rank_lag1	0.00252884163626927	0.00367533917170716	0.00361918166281291
mcuenta_corriente_rank_avg3	0.00245880804799772	0.00246835423071693	0.00522770684628531
cproductos_delta2	0.00244655544482826	0.00241024802943488	0.00141862984931247
mcuenta_debitos_automaticos_rank	0.00233052706897497	0.00294188750539992	0.00230108463746747
mcuentas_saldo_rank_delta1	0.00229494943498154	0.00380390295809714	0.00526121778760765
mcuentas_saldo_rank_tend3	0.00226174235379579	0.00295596532886389	0.00431174111680797
vm_msaldopesos_rank	0.0022256693010652	0.00117428621271004	0.00122873451515253
numero_de_cliente	0.00217484381437119	0.00601309717410562	0.00751762116997866
ccomisiones_mantenimiento_delta1	0.00214877598935948	0.00207954086862657	0.000848943846832658
mcomisiones_otras_rank_lag2	0.00211478343564416	0.00179879526823391	0.00361918166281291
mrentabilidad_annual_rank_lag1	0.00204538495720026	0.00218819755587537	0.00498195994325481
mrentabilidad_annual_rank_delta1	0.00201413223627628	0.00253252531892601	0.00537292092534879
cprestamos_personales	0.00197423766284415	0.00125248781237221	0.00127341577024899
mrentabilidad_annual_rank_tend3	0.00197050119865272	0.00406514585523563	0.00606548037934386
mcomisiones_mantenimiento_rank	0.00196190660207236	0.00400014923013432	0.0039319504484881
Visa_delinquency_avg3	0.00188447367775373	0.000882985546302817	0.000625537571350379
mactivos_margen_rank_lag2	0.00185269970156953	0.00649107957284665	0.00555164594573462
cprestamos_personales_tend3	0.0018027978817038	0.00123451712075262	0.000402131295868101
ccaja_ahorro_delta2	0.00178695080101253	0.0115423256429463	0.00270321593333557
mrentabilidad_annual_rank	0.00177580160843216	0.0040723434096534	0.00470270209890196
mpagomiscuentas_rank	0.00176658983786874	0.00304643258657831	0.00173139863498766
ccomisiones_mantenimiento_tend3	0.00176583441451033	0.000543922058639067	0.000469153178512784
mautoservicio_rank	0.00176500533432661	0.00179709736966255	0.00178725020385823
mpayroll_rank_delta2	0.00176054955785119	0.00468668438320398	0.0020888486757593
mcaja_ahorro_rank_avg3	0.00167736033594526	0.00246838348979791	0.00327290193581538
mrentabilidad_annual_rank_avg3	0.00167478223236693	0.00412642929524916	0.00444578488209734
mprestamos_personales_rank_lag2	0.00166488450985114	0.0031046341811831	0.00140745953553835
ctransferencias_recibidas_avg3	0.00163676825388565	0.00304108297006828	0.00487025680551367
cliente_edad	0.00160587139255606	0.00391348439642249	0.00501547088457715
Visa_fechaalta	0.00158598712334176	0.00207628321229827	0.0039319504484881
mtransferencias_recibidas_rank	0.00155135868912243	0.00291187002185969	0.00375322542810228
vmr_mpagominimo_delta2	0.00154742140234313	0.00187085010170036	0.00173139863498766
mactivos_margen_rank_tend3	0.00151301136846367	0.00283328777206773	0.00452397707851614
mcuenta_corriente_rank_lag2	0.00149367316107606	0.00407269367239408	0.00437876299945266
mrentabilidad_rank	0.00148365615419902	0.0031721221618967	0.00449046613719379
chomebanking_transacciones	0.00143500266518176	0.00265496472577907	0.00361918166281291
Visa_fechaalta_lag2	0.0014290030994014	0.00153613160038398	0.00309417691542955
mactivos_margen_rank_delta1	0.00142014097580115	0.00243166893342054	0.00483674586419133
vm_status04_delta1	0.00139151917755977	0.00126478098575653	0.000502664119835126
cliente_edad_lag2	0.00138749474593424	0.00251815841779342	0.00455748801983848
vm_Finiciomora_lag1	0.00136370226342106	0.00187270701478632	0.00082660321928443
Visa_mpagospesos_rank	0.00136179524524981	0.000884681316474768	0.00223406275482278
mtarjeta_master_consumo_rank	0.00135944159933556	0.000784770273669005	0.000580856316253924
cliente_antiguedad	0.0013403008797971	0.00367333352709649	0.00434525205813031
mrentabilidad_rank_delta2	0.00132632619848035	0.00266908565574183	0.00444578488209734
vm_Finiciomora_delta1	0.00131233365416045	0.00186822899065443	0.000525004747383354
mpasivos_margen_rank_lag2	0.00128653977070758	0.00187718752632473	0.00418886766529272
cliente_edad_lag1	0.00128625264628311	0.00227956504960813	0.00407716452755158
mttarjeta_visa_debitos_automaticos_rank_lag2	0.00128148520956224	0.00254235834467485	0.00302715503278487
mcomisiones_rank_avg3	0.00125608408271418	0.00414488746726267	0.00424471923416329
mrentabilidad_rank_avg3	0.00122969292759022	0.00217280402257181	0.00318353942562247
chomebanking_transacciones_avg3	0.0012117733624361	0.00166519825318766	0.00319470973939658
ccomisiones_mantenimiento_avg3	0.00120957549047193	0.00676281309422011	0.00278140812975437
mcomisiones_rank_lag2	0.00119971502325476	0.00122711211150124	0.00282608938485082
mcaja_ahorro_rank_lag1	0.00119700498259392	0.00134748127810385	0.00262502373691677
Master_Fvencimiento_lag2	0.00118644424147448	0.00241547553223445	0.00388726919339164
mactivos_margen_rank_delta2	0.00118617131885265	0.00226450193107972	0.00387609887961753
vm_mpagospesos_rank_lag1	0.00118610967189139	0.000345328572351715	0.000848943846832658
mpasivos_margen_rank_delta1	0.00117357148577432	0.00261087536803586	0.00426705986171152
mrentabilidad_rank_lag2	0.00117308638939777	0.00220739300031419	0.00386492856584341
mcuentas_saldo_rank_lag2	0.00116853489538597	0.00206690002248156	0.0033734347597824
mttarjeta_visa_debitos_automaticos_rank_delta2	0.00116296775280777	0.00317559263252216	0.00259151279559443
mrentabilidad_rank_tend3	0.00116100944134157	0.00185996531328154	0.00355215978016823
ctrx_quarter_tend3	0.00116012844696007	0.00154536359691281	0.00164203612479475
mactivos_margen_rank_lag1	0.00115294578238537	0.00176938432723745	0.00364152229036114
ctarjeta_visa_transacciones_delta1	0.00114327653754065	0.00167593130980791	0.000938306357025569
cpayroll_trx_avg3	0.00111292685828906	0.000881065627465786	0.000748411022865632
mpasivos_margen_rank_tend3	0.00110952423912759	0.00230011689990891	0.00354098946639411
vm_status05_avg3	0.00110788165504113	2.71842762114025e-05	0.000100532823967025
mrentabilidad_annual_rank_delta2	0.00110030974655719	0.00149147480623065	0.00350747852507177
mtransferencias_recibidas_rank_lag1	0.00109680523527383	0.0024691554320545	0.00352981915262
Master_mlimitecompra_rank_delta2	0.0010964759013291	0.00193272515981847	0.00431174111680797
cdescubierto_preacordado_delta1	0.00109580399690851	0.00245763373934618	0.000603196943802151
Master_fechaalta	0.00109432280036586	0.00372237387522015	0.00398780201735867
cliente_edad_avg3	0.00108600501130023	0.00184509682790356	0.00342928632865297
mprestamos_personales_rank_lag1	0.00107359310272948	0.00169085623623518	0.00112820169118551
ccallcenter_transacciones_delta2	0.00106993123152666	0.000903460492147975	0.000525004747383354
Master_fechaalta_lag2	0.00106338890173018	0.00180926796775582	0.00363035197658702
Visa_mlimitecompra_rank	0.00105832619358122	0.00113762332771582	0.00273672687465791
chomebanking_transacciones_lag2	0.00103979180567234	0.00216266366107752	0.00344045664242709
Visa_mlimitecompra_rank_delta2	0.00103378074902894	0.00290469967505359	0.00416652703774449
mcuentas_saldo_rank_lag1	0.00102445510070882	0.00197809604479395	0.00283725969862493
mcaja_ahorro_rank_lag2	0.00101259748219949	0.00176244023185247	0.00323939099449304
mcomisiones_rank_lag1	0.00100243413651506	0.00143724147127849	0.00332875350468595
cprestamos_personales_lag2	0.000995799016907942	0.00304753837982114	0.00131809702534544
thomebanking_avg3	0.000993471346469377	0.000986425731756202	0.00211118930330753
mtransferencias_recibidas_rank_lag2	0.000987610556151382	0.00267490739226934	0.00356333009394234
mrentabilidad_rank_delta1	0.000964210325955738	0.00121812059846184	0.00336226444600829
Master_Fvencimiento	0.00096093972318515	0.00287447914733877	0.00346279726997531
mpasivos_margen_rank_delta2	0.000958009285548233	0.00148380523436886	0.00356333009394234
vm_mpagominimo_rank_lag1	0.000955133057989806	0.000961543332323296	0.000938306357025569
mpasivos_margen_rank_lag1	0.000950525615576692	0.00116398834965975	0.00282608938485082
thomebanking	0.00095046260937347	0.000683214414060186	0.00138511890799013
ccaja_seguridad_avg3	0.000945954853794988	0.000698471447724779	0.00025691721680462
vm_fechaalta_lag2	0.0009445503420115	0.00183157541420219	0.00285960032617316
cmobile_app_trx	0.000944350092408181	0.00291037011571976	0.00302715503278487
Visa_mfinanciacion_limite_rank_delta2	0.000943789029578437	0.00170703266151276	0.00384258793829519
mcomisiones_rank_delta2	0.000943453385361863	0.00218019677429408	0.00288194095372139
Master_Fvencimiento_avg3	0.000943286331862864	0.00198550005395404	0.00303832534655898
ccallcenter_transacciones_avg3	0.000940448406847466	0.00340087309321771	0.00268087530578734
Visa_delinquency	0.000931705228121393	0.000131378915145545	0.000134043765289367
Master_mfinanciacion_limite_rank_delta2	0.000918381352599749	0.00133305819235563	0.0034516269562012
Master_Fvencimiento_lag1	0.000917711245825724	0.00244178336947147	0.00336226444600829
vm_fechaalta	0.000910964450317846	0.00205698260441413	0.0027255565608838
vm_mlimitecompra_rank_delta2	0.00090903166930525	0.00177134027500417	0.0032952425633636
vm_Fvencimiento	0.000907049665187108	0.00133515689674271	0.00278140812975437
mcaja_ahorro_rank_delta1	0.000902129777173675	0.00343926670029218	0.00352981915262
vm_status05_delta2	0.000896855838004429	0.000490498207831811	0.000234576589256392
mcomisiones_rank	0.00089103730723911	0.00279744632102712	0.0031276878567519
mcomisiones_mantenimiento_rank_lag2	0.000889597348299909	0.00164839669392572	0.00205533773443696
Visa_Fvencimiento_lag2	0.000885327936241411	0.00140912013517471	0.00318353942562247
vmr_mpagominimo_avg3	0.000883716312104027	0.00229147405972148	0.00213352993085576
cmobile_app_trx_avg3	0.000882659049968536	0.00243178607231793	0.00311651754297778
cliente_antiguedad_lag2	0.000881682150587619	0.00188900957978286	0.00320588005317069
mcomisiones_otras_rank_delta2	0.000880297826438251	0.00173768420292883	0.00291545189504373
Visa_mlimitecompra_rank_delta1	0.000871893992685899	0.00277733510068997	0.00378673636942462
mcomisiones_otras_rank_lag1	0.000871035665049018	0.00142315857042799	0.00292662220881785
Visa_msaldototal_rank	0.000870203292860408	0.000599450332304087	0.00161969549724652
Visa_mfinanciacion_limite_rank_lag2	0.000869841896513667	0.00125968734132919	0.00277023781598025
Visa_mpagospesos_rank_delta2	0.000869362802519853	0.00244593297901078	0.00309417691542955
mv_status07_rank	0.00086774451494175	0.000301107279488745	0.000167554706611709
cliente_antiguedad_lag1	0.000859572442185528	0.0020115142746466	0.00291545189504373
vm_Finiciomora_avg3	0.00085847221711057	0.00183952237035756	0.000647878198898607
cplazo_fijo	0.00085715777144684	0.00167098285812073	0.000525004747383354
Visa_mfinanciacion_limite_rank_lag1	0.000855664411153047	0.00122989303200612	0.0028931112674955
mcaja_ahorro_dolares_rank	0.000854302567569434	0.0039708445808913	0.00265853467823911
ccomisiones_otras_avg3	0.000851993570558478	0.00136759039568496	0.00279257844352848
chomebanking_transacciones_lag1	0.000850395056693441	0.00213223934553048	0.00292662220881785
mcuenta_corriente_rank_delta1	0.000847568735407023	0.00345499739257623	0.00319470973939658
cmobile_app_trx_lag1	0.000845173176725088	0.0044760054091562	0.00268087530578734
Master_mfinanciacion_limite_rank_delta1	0.000844782652019219	0.00151530739188942	0.0032952425633636
vmr_msaldopesos2	0.00084371077386499	0.0018047954569477	0.00259151279559443
Visa_Fvencimiento	0.000831505003974712	0.001815245923671	0.00313885817052601
mcuenta_debitos_automaticos_rank_delta2	0.00082754870808117	0.0036152228638687	0.00154150330082772
mcaja_ahorro_rank_delta2	0.000816870151399741	0.0018492598232801	0.00282608938485082
mplazo_fijo_dolares_rank	0.000812244765116562	0.00457093815139637	0.00122873451515253
mcaja_ahorro_dolares_rank_delta2	0.000811500607452296	0.00286775104602837	0.00197714553801816
ctransferencias_emitidas_avg3	0.000811397200301407	0.00180416198886928	0.0020106564793405
Visa_mfinanciacion_limite_rank	0.000809814509702255	0.00118411272504383	0.00252449091294975
mrentabilidad_rank_lag1	0.000802270957644586	0.00144520506997861	0.00303832534655898
ctrx_quarter_normalizado_tend3	0.000801683366675116	0.000580027533779396	0.0012063938876043
Master_mfinanciacion_limite_rank	0.000799475727986105	0.00130422122682771	0.00258034248182031
ctarjeta_master	0.00079777734313387	1.17054530714327e-05	3.35109413223417e-05
Master_mlimitecompra_rank	0.000794728548135916	0.00147673853804946	0.00273672687465791
Visa_mfinanciacion_limite_rank_delta1	0.000793217536367315	0.00152910249723961	0.00321705036694481
Visa_fechaalta_lag1	0.000787563865351917	0.00136953813757446	0.00196597522424405
vm_Fvencimiento_lag1	0.00078644482071571	0.00283056601080897	0.00302715503278487
mtransferencias_recibidas_rank_delta2	0.000784841407223656	0.00147589617910892	0.00292662220881785
vm_mfinanciacion_limite_rank_delta2	0.000778282955792688	0.00274857832196856	0.00325056130826715
mcomisiones_rank_tend3	0.000762093007604569	0.00161806405341331	0.00278140812975437
mcomisiones_mantenimiento_rank_delta2	0.000759854842656431	0.00194437035097903	0.00156384392837595
Master_mlimitecompra_rank_delta1	0.000754936653394869	0.0023156727044346	0.00321705036694481
vm_status02	0.000754387886839077	0.000375556254565742	0.000145214079063481
Visa_fechaalta_avg3	0.000744402285711483	0.00105810904413128	0.00196597522424405
mcomisiones_rank_delta1	0.000743557034994217	0.00128453019869122	0.00260268310936854
vm_fechaalta_tend3	0.000743537749177841	0.000260918457267698	0.000480323492286898
ccomisiones_otras	0.000740802206153873	0.00150591761172757	0.00223406275482278
Visa_Fvencimiento_lag1	0.000736470063896192	0.00127050163613397	0.00255800185427209
mtransferencias_emitidas_rank	0.000733577406345247	0.00454607034303891	0.00247980965785329
ctrx_quarter_normalizado_avg3	0.000733436493602895	0.00108289774270362	0.00125107514270076
vm_Fvencimiento_tend3	0.000730398773635112	0.00012409404506542	0.000323939099449304
ctrx_quarter_lag2	0.000721599981188715	0.00104539137046075	0.00174256894876177
Visa_Finiciomora_delta1	0.000719037890296963	0.000553950409909235	0.000134043765289367
Master_mfinanciacion_limite_rank_lag2	0.000717305266518713	0.0020525054521567	0.00268087530578734
mcomisiones_otras_rank	0.000716989277504729	0.00108065451230392	0.00220055181350044
chomebanking_transacciones_delta1	0.000716497095197594	0.00204859317197276	0.00202182679311462
Master_mpagominimo_rank	0.000714953251533402	0.00175077506450954	0.00126224545647487
Visa_cconsumos_avg3	0.00071016328016482	0.00112965526706997	0.00202182679311462
vm_Fvencimiento_avg3	0.000708742963335661	0.000849956121170448	0.00246863934407918
Visa_fultimo_cierre_avg3	0.000705898649346166	0.00301978853916535	0.00260268310936854
Visa_mlimitecompra_rank_lag2	0.000697751588105453	0.00104941142971337	0.00223406275482278
mcomisiones_otras_rank_delta1	0.000680248448338513	0.00129513952606893	0.00251332059917563
mcaja_ahorro_dolares_rank_lag2	0.000679603322850031	0.00164988895834249	0.00239044714766038
Visa_Fvencimiento_avg3	0.000669068516402195	0.000973613716140953	0.00230108463746747
vm_mpagominimo_rank_lag2	0.000668262873290283	0.00130261923444642	0.00142980016308658
ccaja_ahorro_avg3	0.00066228647128388	0.00190731378902493	0.00113937200495962
Visa_mconsumospesos_rank_lag1	0.000662140076629915	0.00106340616867044	0.00213352993085576
Master_status	0.000660428445028587	0.000792672277003197	0.000223406275482278
mcaja_ahorro_rank_tend3	0.000659455533349826	0.00186644869994706	0.00244629871653095
cliente_antiguedad_avg3	0.000656259406619212	0.00181784364796683	0.00242395808898272
Visa_mpagominimo_rank_lag1	0.000654937219770351	0.00104754133593712	0.0018431017727288
mttarjeta_visa_debitos_automaticos_rank_lag1	0.000652801378716134	0.00111135787896334	0.00223406275482278
mpayroll_sobre_edad_rank_delta2	0.000652229950334817	0.00237965869882552	0.000994157925896138
tcallcenter_avg3	0.000650444055848466	0.000957891127160662	0.00130692671157133
Master_mlimitecompra_rank_lag2	0.000644932831416239	0.00156092540198622	0.00241278777520861
mcomisiones_mantenimiento_rank_lag1	0.000643708131203235	0.00248459822626478	0.00225640338237101
Visa_msaldopesos_rank	0.000640465436599199	0.00188552482580236	0.00161969549724652
mcaja_ahorro_dolares_rank_delta1	0.000639718722073778	0.00262143812706032	0.00127341577024899
vmr_mpagominimo	0.000636525066184949	0.00176950910785801	0.00165320643856886
Visa_mpagominimo_rank_lag2	0.000635180981326378	0.00107355563355978	0.00212235961708164
vmr_mpagominimo_tend3	0.000622855783829793	0.00102574873135653	0.00115054231873373
Visa_msaldopesos_rank_delta1	0.000621501581483351	0.00107392189776105	0.00183193145895468
Visa_mpagominimo_rank_delta2	0.000619405407235664	0.000689644898460971	0.00179842051763234
cprestamos_personales_avg3	0.000619161332289647	0.00198802328427069	0.00145214079063481
Master_fultimo_cierre	0.000618863269165892	0.00081319671454537	0.00185427208650291
mcuenta_corriente_rank_tend3	0.000616385664183178	0.00127421200045144	0.00199948616556639
vm_Fvencimiento_lag2	0.000611058117487829	0.000780472573689145	0.00202182679311462
Visa_mpagominimo_rank_delta1	0.000609966269152602	0.00114551258629695	0.00192129396914759
Master_fechaalta_avg3	0.000605734083301902	0.00114392036403823	0.0020888486757593
vm_mfinanciacion_limite_rank_delta1	0.000596851712008953	0.00127105881519756	0.00247980965785329
vm_mlimitecompra_rank_delta1	0.000596100880727238	0.00329618769153876	0.00274789718843202
ctarjeta_visa_avg3	0.000588294270326103	0.00019910143008759	8.93625101929113e-05
chomebanking_transacciones_delta2	0.000581009083949769	0.00129453800962496	0.00185427208650291
vm_cconsumos_delta2	0.000578170375160047	0.00164074312352452	0.000815432905510316
mtransferencias_recibidas_rank_delta1	0.000577285093240027	0.00213382582367514	0.00226757369614512
mprestamos_prendarios_rank_lag2	0.000570685378541743	0.00481287900462221	0.00116171263250785
Visa_fultimo_cierre	0.000567740969691447	0.000691857818401674	0.00169788769366532
Visa_mconsumospesos_rank_lag2	0.000563815162496072	0.000968395880890486	0.00195480491046994
vmr_msaldopesos2_avg3	0.000563264361274628	0.000846969797301272	0.00187661271405114
ctarjeta_master_avg3	0.000562557039797982	1.34673061984131e-05	4.46812550964557e-05
ccomisiones_otras_lag1	0.000561700502322921	0.00141787919109834	0.00206650804821107
Master_fechaalta_lag1	0.000555998895530619	0.00116823024967448	0.00198831585179228
vmr_mpagado_avg3	0.000554949776890979	0.000942502748173734	0.0018431017727288
cproductos_avg3	0.000552563393698214	0.00207585104464553	0.00193246428292171
ctarjeta_debito_avg3	0.000548519941853682	0.00108478922304739	0.00176490957631
Master_mfinanciacion_limite_rank_lag1	0.000546933263318223	0.000790746408905178	0.00193246428292171
mautoservicio_rank_avg3	0.000537116115314272	0.00109628414408127	0.00198831585179228
Visa_mlimitecompra_rank_lag1	0.000536508170917539	0.000914704210765293	0.00178725020385823
vm_mpagospesos_rank_delta2	0.000535265091467394	0.00123815152941902	0.00155267361460183
ccheques_depositados_avg3	0.000534837224458855	0.00294141161580759	0.000860114160606771
vm_fultimo_cierre_avg3	0.000530052104108467	0.00147624990370406	0.00191012365537348
Master_mlimitecompra_rank_lag1	0.00052477647549362	0.000879771663200839	0.00183193145895468
mpayroll_rank_lag1	0.000524307357977302	0.00257963182386472	0.00126224545647487
Master_fultimo_cierre_avg3	0.000523586825197313	0.000727222841339261	0.00169788769366532
ccomisiones_mantenimiento_lag2	0.000523448241045325	0.000412851658833822	0.000882454788154999
ctarjeta_visa_debitos_automaticos_avg3	0.000522148219543327	0.00289502584332291	0.00197714553801816
vmr_mpagominimo_lag2	0.000521718269484501	0.00177781937922752	0.00164203612479475
cmobile_app_trx_lag2	0.000521456550795652	0.00098193037270868	0.00165320643856886
Visa_mpagospesos_rank_delta1	0.000514135157266852	0.00186574986692787	0.00213352993085576
vm_fechaalta_lag1	0.000511990776930092	0.000666472065331102	0.00158618455592418
Visa_msaldototal_rank_delta1	0.00051054143537556	0.000975885256817083	0.00176490957631
Visa_cconsumos_lag2	0.000506562711300933	0.000900532173573435	0.00170905800743943
Visa_mconsumospesos_rank	0.000501907765711143	0.000786028285934359	0.00167554706611709
vmr_mpagominimo_lag1	0.0005008088938217	0.000903503880723803	0.00140745953553835
Visa_cconsumos	0.000499218272203057	0.000761317338048727	0.00161969549724652
cpayroll_trx_lag1	0.000491824990815673	0.000353740237591691	0.000301598471901076
vmr_msaldopesos2_lag2	0.000489038354611472	0.000738909369606344	0.00176490957631
ctarjeta_debito_transacciones_avg3	0.000483896437635752	0.00111561072869549	0.00180959083140645
mpayroll_rank_delta1	0.000479940947617131	0.00229413407175412	0.00109469074986316
mtarjeta_visa_consumo_rank_avg3	0.000478010239403851	0.00101743771632939	0.000860114160606771
Master_msaldototal_rank	0.000470803311182269	0.00197106509532721	0.00103883918099259
mcaja_ahorro_dolares_rank_lag1	0.000470588073236383	0.00164097119562465	0.00194363459669582
vm_mfinanciacion_limite_rank	0.000467718134633929	0.000742987639300529	0.00137394859421601
vmr_mpagospesos_avg3	0.0004644526359568	0.00108637423952017	0.00148565173195715
ctarjeta_visa_transacciones_tend3	0.000462984611038639	0.000777494635200758	0.000647878198898607
tcallcenter_delta2	0.000461394979864587	0.000335206315074051	0.000223406275482278
ctarjeta_visa_debitos_automaticos_lag2	0.000459225032800694	0.00135861055037724	0.00135160796666778
Visa_mpagospesos_rank_lag1	0.00045917735216843	0.000944223110333994	0.00170905800743943
Master_Fvencimiento_tend3	0.000459018149180151	0.000141113778088082	0.000301598471901076
Visa_msaldopesos_rank_delta2	0.000455347978696862	0.000728175877048868	0.00146331110440892
vmr_mpagospesos_lag1	0.000453304573719663	0.0011476687318246	0.00142980016308658
Visa_status_tend3	0.000451273269485091	0.00149519163267643	0.000592026630028038
vm_status02_avg3	0.000449596845439122	0.000339286405447246	0.000156384392837595
vm_fultimo_cierre	0.000448945972512952	0.000534130369996745	0.00141862984931247
mtransferencias_emitidas_rank_lag1	0.00044553575245607	0.00255842960650711	0.0018431017727288
ctarjeta_visa_debitos_automaticos_tend3	0.000444906321318519	0.0014878515524286	0.000703729767769177
Visa_msaldototal_rank_delta2	0.000444121894769194	0.000972757637999435	0.00148565173195715
vmr_mpagospesos	0.000435515989723472	0.0010816045220963	0.00112820169118551
mttarjeta_visa_debitos_automaticos_rank	0.00043375624243293	0.00234787392576465	0.00178725020385823
ctransferencias_recibidas	0.000432725954359031	0.00141431963541825	0.00150799235950538
vm_status01_avg3	0.000431877403288414	0.000865060217798256	0.000469153178512784
ccomisiones_otras_lag2	0.000430627707548046	0.000631781693718256	0.00159735486969829
Visa_mpagospesos_rank_lag2	0.00042891542096062	0.000730832529800522	0.00146331110440892
vmr_mpagospesos_lag2	0.00042470313760623	0.00182571069939272	0.00169788769366532
Visa_mconsumospesos_rank_delta2	0.000423779552525421	0.000747298981551276	0.00150799235950538
mcuenta_debitos_automaticos_rank_lag2	0.000423531721104199	0.00191189997687599	0.00140745953553835
ctrx_quarter_normalizado_lag2	0.000418917386974107	0.000955634023699776	0.00158618455592418
Visa_cconsumos_lag1	0.000418186593388689	0.000841871793501659	0.00150799235950538
Master_msaldopesos_rank	0.000416596304518361	0.00093325910955659	0.000860114160606771
vm_status06_avg3	0.000415819610492384	3.59977986451149e-05	5.58515688705696e-05
vmr_mconsumospesos	0.000412360091483601	0.000747653039510177	0.00131809702534544
ctransferencias_recibidas_lag2	0.00040872235736943	0.000584529611388896	0.00135160796666778
vm_cconsumos_avg3	0.00040729718798764	0.00110213544741015	0.00134043765289367
ctransferencias_recibidas_lag1	0.000406071633625063	0.0010549407036479	0.0014409704768607
Visa_mconsumosdolares_rank_lag2	0.000405923185143645	0.00114483516548864	0.0014409704768607
vm_fechaalta_avg3	0.000405575513117284	0.000702691063654168	0.00117288294628196
ccajas_extracciones_avg3	0.000404991666632957	0.00263653955677803	0.00125107514270076
mcaja_ahorro_dolares_rank_tend3	0.00040242828984761	0.00173316681622963	0.00117288294628196
vmr_msaldopesos2_lag1	0.000391409541620735	0.000991334077218448	0.00153033298705361
ccajas_transacciones_avg3	0.000388425991462392	0.00060454205347895	0.00115054231873373
chomebanking_transacciones_tend3	0.000387599896104326	0.00139683693705989	0.00127341577024899
mautoservicio_rank_lag2	0.000383317273108502	0.000620775048022647	0.00131809702534544
vm_mlimitecompra_rank	0.000382377019362087	0.000948570302010869	0.00119522357383019
ctarjeta_visa_transacciones_avg3	0.000379961421738695	0.000776046862024572	0.00112820169118551
vm_msaldopesos_rank_delta1	0.000379841593558428	0.00159443825586061	0.00125107514270076
ccajas_consultas_avg3	0.000379199723482741	0.00367137383539828	0.00159735486969829
vm_cconsumos_lag2	0.000378889748501772	0.000974740357440604	0.00123990482892664
mtransferencias_emitidas_rank_lag2	0.000376570714974983	0.00252671022403038	0.00179842051763234
Visa_mconsumototal_rank_delta2	0.000374438051352703	0.000518923315253127	0.00139628922176424
Visa_fultimo_cierre_lag2	0.000371986315466229	0.000510835346226319	0.00130692671157133
mtarjeta_visa_consumo_rank_delta2	0.000367910835473043	0.000485014886809743	0.000882454788154999
mcaja_ahorro_dolares_rank_avg3	0.000366464938879004	0.000552436399917822	0.00129575639779721
vm_status05_delta1	0.00036537883148657	0.00196079236277593	0.000614367257576265
vm_msaldototal_rank_delta1	0.00036523545131798	0.00231033183231249	0.00149682204573126
cpayroll_trx_lag2	0.000364662343014359	0.000777288257388545	0.000379790668319873
vm_cconsumos_lag1	0.000362903347795543	0.00121205022385441	0.00107235012231494
Visa_mconsumosdolares_rank	0.00035865395593551	0.000881172637233476	0.00110586106363728
vmr_Visa_mlimitecompra_avg3	0.000358497910778384	0.0007560787573149	0.00131809702534544
vmr_mconsumosdolares_avg3	0.000356266403311179	0.00200145345887466	0.00147448141818304
Visa_msaldopesos_rank_lag2	0.000355259534076618	0.000538330086673864	0.00105000949476671
vm_cconsumos_delta1	0.000355059773803543	0.000923353205360641	0.000592026630028038
vm_mconsumospesos_rank	0.000352019893445778	0.00213308839738963	0.00129575639779721
vmr_mconsumospesos_lag1	0.000351825459822041	0.000926718204820393	0.00115054231873373
vm_mlimitecompra_rank_lag2	0.000351207852741174	0.000423056308247501	0.00110586106363728
cprestamos_personales_delta1	0.000349857481153207	0.00164138346402512	0.000402131295868101
Master_fultimo_cierre_lag2	0.000349809411275456	0.000631667888458489	0.00126224545647487
vmr_Master_mlimitecompra_avg3	0.000349625986491786	0.000538889624927156	0.00110586106363728
vmr_msaldopesos2_delta1	0.000348321678794478	0.00134931208624289	0.00138511890799013
ccajas_consultas_delta1	0.000344133760422768	0.0013080921955485	0.000446812550964557
tcallcenter	0.000341985396294677	0.000199361428178797	0.000212235961708164
vmr_mpagospesos_delta1	0.000340911426561071	0.00295382595409781	0.00146331110440892
vm_msaldopesos_rank_delta2	0.000340489681534305	0.00114348904261658	0.00106117980854082
mextraccion_autoservicio_rank_lag2	0.000337975087139311	0.00196102538404576	0.0013627782804419
vmr_msaldototal	0.000337879750966341	0.000572632987021482	0.000949476670799683
mextraccion_autoservicio_rank_delta2	0.000337828194028181	0.0020725269976418	0.00116171263250785
Master_fechaalta_tend3	0.00033545332405618	0.000203079562436262	0.000335109413223417
ccomisiones_otras_tend3	0.000334617482673656	0.00167658767741246	0.000904795415703227
vmr_mconsumospesos_avg3	0.000329919313150198	0.000782918822620072	0.00119522357383019
mtransferencias_emitidas_rank_delta2	0.000323726988296939	0.00229273317465159	0.000882454788154999
Visa_msaldototal_rank_lag2	0.000322629102493634	0.000768435757038012	0.00107235012231494
vm_status04_avg3	0.000321554085874312	5.19637175284986e-06	2.23406275482278e-05
Visa_fultimo_cierre_lag1	0.000320809743474593	0.0006738348656015	0.00110586106363728
vm_status04_tend3	0.0003183747315396	0.000316053438623335	0.000145214079063481
ctarjeta_debito_transacciones	0.000315955119823248	0.000780001402476221	0.00101649855344437
vmr_Master_mlimitecompra	0.00031559026272003	0.00110243883407719	0.0012063938876043
vmr_Visa_mlimitecompra	0.000315230979848307	0.000416273458349993	0.00106117980854082
vm_mpagospesos_rank_lag2	0.000311825256953369	0.000430157571824713	0.000960646984573797
vm_fultimo_cierre_lag1	0.000310862857788537	0.000572978633956227	0.00105000949476671
Master_mpagospesos_rank_lag2	0.000309864130808563	0.00238193121394957	0.00121756420137842
vmr_mconsumospesos_lag2	0.000309181121974297	0.000595507895521345	0.00111703137741139
vm_Finiciomora_tend3	0.000306562079650561	0.00138758186150136	0.000413301609642215
ccallcenter_transacciones_delta1	0.000305909033839694	0.0010957251186953	0.000435642237190443
Visa_msaldopesos_rank_lag1	0.00030521010994723	0.000375377981883025	0.00100532823967025
cextraccion_autoservicio_avg3	0.000304867821710935	0.00054456519426659	0.00101649855344437
cmobile_app_trx_delta2	0.000303953495995907	0.000547653245369993	0.00101649855344437
vm_msaldototal_rank_lag2	0.000302437662051177	0.000761515535627081	0.00082660321928443
cpagomiscuentas_avg3	0.000301342384478124	0.00169512475406416	0.00129575639779721
Visa_mconsumototal_rank	0.000300629335215999	0.000574030678703229	0.00106117980854082
ctarjeta_visa_transacciones_lag1	0.00029918250029778	0.000576216288458791	0.00102766886721848
ccajas_depositos	0.000298417975087708	0.00256808000020096	0.000670218826446835
thomebanking_delta2	0.000295867637055306	0.0010877653152134	0.000580856316253924
ctrx_quarter_lag1	0.000295289806881351	0.000601235469607694	0.000938306357025569
ctarjeta_debito_transacciones_delta1	0.000290955804076327	0.00424509574232755	0.00148565173195715
vmr_msaldopesos	0.000288127538073249	0.000697601317018513	0.000815432905510316
mtransferencias_emitidas_rank_delta1	0.000284406385823424	0.0036951298499652	0.00134043765289367
Master_fultimo_cierre_lag1	0.000284002326878538	0.000417013372042041	0.00106117980854082
vmr_msaldopesos_lag1	0.000282879854415987	0.000944976307289801	0.000804262591736202
vmr_msaldopesos_lag2	0.000282424932218777	0.000720896366432305	0.000960646984573797
mpayroll_rank_lag2	0.000282372396111467	0.000296773268502164	0.000424471923416329
Visa_Finiciomora_avg3	0.000281942551453635	0.00220764115117016	0.000558515688705696
Visa_msaldototal_rank_lag1	0.000280806120421879	0.000595906496007559	0.000904795415703227
vmr_mpagominimo_delta1	0.000279926635725669	0.000743968421132503	0.000815432905510316
vmr_Master_mlimitecompra_lag2	0.000279182925733879	0.000497999610497216	0.000960646984573797
vm_mfinanciacion_limite_rank_lag1	0.000277250620810766	0.000534622620056791	0.000915965729477341
vmr_Visa_mlimitecompra_lag1	0.00027664767292728	0.000423436266006393	0.000949476670799683
ccaja_seguridad_lag2	0.000275718989285461	9.58616988287963e-05	5.58515688705696e-05
Master_mpagominimo_rank_delta2	0.000275023062291178	0.00294001128285911	0.00111703137741139
vm_fechaalta_delta2	0.000273830865713495	0.000155505296852348	0.000290428158126962
mtarjeta_visa_consumo_rank_tend3	0.000273662810026779	0.000483763464889536	0.000714900081543291
vmr_Visa_mlimitecompra_lag2	0.000273624857121539	0.000731219795918818	0.00108352043608905
vm_status01_delta2	0.000273300815762105	0.00139366726312146	0.000413301609642215
cdescubierto_preacordado_lag1	0.000272642285150097	0.000294624226186986	0.000502664119835126
Visa_cconsumos_tend3	0.000271293862931925	0.000307380108473342	0.000915965729477341
Visa_cconsumos_delta2	0.00026852198218622	0.000914475702727938	0.000927136043251455
mautoservicio_rank_lag1	0.000266458947505265	0.00046783939598	0.000882454788154999
vm_cconsumos	0.000264853054000405	0.00096464261522115	0.000960646984573797
cinversion1_avg3	0.00026413155520737	0.00275896727025604	0.000647878198898607
ccallcenter_transacciones	0.000262241406893785	0.000659846434912555	0.000323939099449304
ctarjeta_visa_transacciones_lag2	0.000261819059211256	0.000951076094838411	0.00105000949476671
vmr_msaldopesos2_delta2	0.000261198226461433	0.000625074235317754	0.000971817298347911
vm_fultimo_cierre_lag2	0.000258641327575309	0.000309125395985674	0.000994157925896138
vmr_Master_mlimitecompra_lag1	0.000253785177186666	0.000949877267462544	0.000982987612122025
ctarjeta_debito_transacciones_lag1	0.000252426308232101	0.00109931329237221	0.000893625101929113
vmr_mconsumosdolares	0.00025236116391161	0.00127595767261427	0.000714900081543291
cprestamos_personales_lag1	0.000251461913512677	0.000473800324699941	0.000357450040771645
mtarjeta_visa_consumo_rank_delta1	0.000249659697042971	0.000752326594310317	0.000848943846832658
vm_mpagominimo_rank_delta2	0.000249183889571387	0.000747927141452864	0.00102766886721848
vmr_msaldototal_lag1	0.000248216362817004	0.000635076815004763	0.000714900081543291
cseguro_accidentes_personales_avg3	0.000247522035345484	0.0012742324382144	0.00082660321928443
ctarjeta_visa_debitos_automaticos	0.000247055784210853	0.000535551935652544	0.000871284474380885
ccomisiones_otras_delta2	0.000246907394082942	0.000397408044035822	0.00102766886721848
mautoservicio_rank_delta1	0.000245650887851205	0.00158823704879817	0.000971817298347911
ccajas_consultas	0.000244327737411663	0.00198591611757272	0.000625537571350379
vmr_msaldopesos_avg3	0.000241309757070487	0.00074852688850456	0.000860114160606771
vmr_msaldopesos2_tend3	0.000240514887568867	0.000626547292853141	0.000893625101929113
vmr_mconsumospesos_delta2	0.000240469500764209	0.000674602192052154	0.000848943846832658
vm_msaldopesos_rank_lag1	0.000238754829522115	0.000452474070379401	0.000625537571350379
vm_mfinanciacion_limite_rank_lag2	0.000236462336089631	0.000382404033466794	0.00077075165041386
vm_mlimitecompra_rank_lag1	0.000234276964290438	0.000437101487706132	0.000871284474380885
Master_Finiciomora	0.00023328592429013	0.000683454000031795	0.000167554706611709
vm_Fvencimiento_delta2	0.000232931281321756	0.000139341821474768	0.000323939099449304
Master_msaldototal_rank_lag1	0.000231811554009808	0.000528932382711817	0.000647878198898607
Visa_mconsumospesos_rank_delta1	0.000231618306806064	0.000405881355928451	0.000882454788154999
Visa_mconsumosdolares_rank_lag1	0.000231408313575848	0.000547187664410929	0.000860114160606771
mpayroll_sobre_edad_rank_delta1	0.000229612897633623	0.00188186636365834	0.000804262591736202
ctransferencias_recibidas_delta2	0.000229214010347315	0.000428634330221421	0.00077075165041386
ctransferencias_recibidas_tend3	0.000228467630731189	0.000955760958363103	0.000882454788154999
vm_fultimo_cierre_delta2	0.00022570425994488	0.000294365561550828	0.000413301609642215
mttarjeta_visa_debitos_automaticos_rank_delta1	0.000225627931112581	0.000957850892718892	0.000960646984573797
mpayroll_sobre_edad_rank_lag2	0.000224671015541457	0.000616678776685299	0.000670218826446835
vm_mpagominimo_rank_delta1	0.00022325893917276	0.000510309682859947	0.000927136043251455
mcuenta_debitos_automaticos_rank_lag1	0.000219814729509989	0.000678562938198455	0.000837773533058544
vm_mconsumospesos_rank_lag2	0.00021974678720694	0.000740770103553887	0.000815432905510316
cproductos_lag1	0.000218790076293373	0.000450320540475116	0.000748411022865632
ctarjeta_visa_debitos_automaticos_delta2	0.000217930860714707	0.000578828808976994	0.000435642237190443
ctrx_quarter_normalizado_lag1	0.000216981232662842	0.000387163852551264	0.000659048512672721
ccuenta_debitos_automaticos_avg3	0.000216363709022059	0.000417666098288572	0.000837773533058544
ctarjeta_visa_debitos_automaticos_lag1	0.000214595183863119	0.000827296360514083	0.000804262591736202
Master_mpagospesos_rank	0.000212167568913832	0.0012487577539494	0.000781921964187974
vmr_msaldototal_avg3	0.000210967154719795	0.000513742893674134	0.000703729767769177
ccuenta_debitos_automaticos_lag2	0.000209289372685561	0.000440103813035897	0.000692559453995063
mcomisiones_mantenimiento_rank_delta1	0.000206616588999541	0.000413805848494914	0.000592026630028038
mpagomiscuentas_rank_lag1	0.000206132900796299	0.00116707904202989	0.00082660321928443
vmr_mpagosdolares_avg3	0.000205041255405997	0.00177865001914964	0.00106117980854082
vmr_msaldototal_delta1	0.00020449387625177	0.00130054140375954	0.000793092277962088
vm_mconsumospesos_rank_delta2	0.000202552496673419	0.000598405185622628	0.00082660321928443
ccomisiones_otras_delta1	0.00020131441448549	0.000315267931025954	0.000815432905510316
vm_fultimo_cierre_tend3	0.000201079699141894	0.000289990290387824	0.000457982864738671
cforex_buy_avg3	0.000199171747659299	0.00224052289615584	0.000703729767769177
Visa_cconsumos_delta1	0.000198746310713354	0.000632864356644654	0.000759581336639746
mpagomiscuentas_rank_lag2	0.000198162961851079	0.000370671193280123	0.000759581336639746
vmr_msaldopesos_delta1	0.000197909111579302	0.00123731824823017	0.000848943846832658
Master_mpagospesos_rank_delta2	0.000197884300194541	0.00264575226949538	0.00102766886721848
ccajas_consultas_delta2	0.000196929586365332	0.000870688346909983	0.00031276878567519
vmr_mpagospesos_delta2	0.000195644020231964	0.000796465956617866	0.000781921964187974
vm_msaldototal_rank_delta2	0.000195487957897096	0.000844736106233843	0.00077075165041386
Visa_mconsumototal_rank_lag2	0.000195286315839275	0.000340366606610476	0.000714900081543291
Visa_mconsumototal_rank_lag1	0.000194090522597177	0.000260583965197306	0.000681389140220949
Visa_mconsumototal_rank_delta1	0.000193747703753989	0.000250394932593721	0.000748411022865632
cseguro_accidentes_personales_lag2	0.000193439860686213	0.000362084794141984	0.000323939099449304
mtarjeta_visa_consumo_rank_lag2	0.000193080785063347	0.000995816845373102	0.00082660321928443
vmr_msaldodolares2_avg3	0.000192544338933969	0.00107346352258792	0.00082660321928443
mautoservicio_rank_delta2	0.000191853439152413	0.000567025372602819	0.000681389140220949
matm_rank_delta2	0.000191206314797438	0.00102564090100111	0.000603196943802151
ctarjeta_debito_transacciones_delta2	0.000190026380086069	0.000877873746372119	0.00056968600247981
ccomisiones_mantenimiento	0.000189465412931439	0.000307745064862932	0.000290428158126962
cmobile_app_trx_tend3	0.000189392195347874	0.00101774056448573	0.000793092277962088
vm_msaldototal_rank_lag1	0.00018884214130651	0.000938664141381257	0.000647878198898607
vm_mconsumototal_rank_delta2	0.000187299018910063	0.000508098840031917	0.000737240709091518
vm_status01_tend3	0.000186968546379468	0.000613042008829195	0.000234576589256392
Visa_status_delta2	0.000186534841320092	0.00207016262797956	0.000558515688705696
Visa_mpagado_rank	0.000185760216514529	0.000662805346023126	0.000469153178512784
Visa_fechaalta_tend3	0.000185655404709603	0.000122110658896725	0.000245746903030506
vm_msaldopesos_rank_lag2	0.000185202621787341	0.000356696481792163	0.000536175061157468
ctarjeta_master_transacciones	0.000183221204074173	0.000437018274982395	0.000223406275482278
vmr_mconsumospesos_delta1	0.000181471092271214	0.00140834375661574	0.000860114160606771
Master_msaldototal_rank_delta1	0.000180360980377089	0.00101164923924801	0.000592026630028038
mtarjeta_visa_consumo_rank_lag1	0.000179729211969382	0.000952706115419096	0.000737240709091518
ccaja_seguridad_lag1	0.000179721826417237	5.98728753618964e-05	3.35109413223417e-05
ccallcenter_transacciones_tend3	0.000179508999377748	0.000167241701466939	0.000111703137741139
vm_mconsumototal_rank_delta1	0.000178198340708609	0.000592180130229502	0.000748411022865632
cproductos_lag2	0.000178187306271315	0.000626209261998196	0.000647878198898607
ctarjeta_debito_delta2	0.000177021358349215	0.00189771655402948	0.000491493806061012
mautoservicio_rank_tend3	0.000176469704707245	0.000651449027384258	0.000625537571350379
Visa_Fvencimiento_tend3	0.000176138772193791	9.08185461897605e-05	0.000212235961708164
vmr_msaldototal_delta2	0.000175687008994754	0.00121645054858632	0.00082660321928443
vmr_msaldototal_lag2	0.000175334887436647	0.000517001319303424	0.000547345374931582
ctransferencias_recibidas_delta1	0.00017458594148184	0.000378441235851187	0.000659048512672721
vm_mpagospesos_rank_delta1	0.000174437403197152	0.000621067074678398	0.000670218826446835
catm_trx_avg3	0.000173767451439419	0.000419644278853902	0.000681389140220949
ctarjeta_debito_lag2	0.000173681117922637	0.000281786336415111	0.000625537571350379
Master_mpagominimo_rank_lag2	0.000171731552158919	0.000633821059355646	0.000670218826446835
matm_other_rank_lag2	0.000171243211690102	0.000761949549602195	0.000614367257576265
Master_mpagominimo_rank_lag1	0.000170679436239357	0.000717844780195822	0.000469153178512784
mextraccion_autoservicio_rank_lag1	0.000170531227736921	0.00142977468715763	0.000793092277962088
ctarjeta_debito	0.000170357629361371	0.000344518139402263	0.000502664119835126
Master_msaldototal_rank_delta2	0.000170062874118685	0.000538365679666328	0.000603196943802151
ctransferencias_emitidas_delta2	0.000166904972942633	0.00047854855298283	0.000402131295868101
vmr_mpagospesos_tend3	0.00016416515224995	0.000358178232428735	0.000603196943802151
ctarjeta_debito_transacciones_lag2	0.000161457969876945	0.000222003956492989	0.000625537571350379
Master_msaldopesos_rank_delta2	0.000160161280438371	0.000587598481254284	0.00051383443360924
catm_trx_other_avg3	0.000157418062481077	0.00030269552702568	0.000502664119835126
cmobile_app_trx_delta1	0.000156803089445996	0.00128815886324357	0.000748411022865632
Visa_mpagado_rank_delta2	0.000154706234624948	0.00079818280563694	0.000558515688705696
tcuentas_avg3	0.000151705813921431	0.00492431584307491	0.00115054231873373
ctarjeta_master_transacciones_delta1	0.000151015707391724	0.0017266713258952	0.000469153178512784
Visa_mconsumosdolares_rank_delta1	0.000150895754224454	0.00117778171126104	0.000703729767769177
ctarjeta_visa_debitos_automaticos_delta1	0.000150242932840185	0.000527291617560641	0.000335109413223417
vmr_mconsumospesos_tend3	0.000149948143244506	0.000484951393834713	0.000580856316253924
Visa_Fvencimiento_delta2	0.000149701467143495	0.000110492829208038	0.000279257844352848
cpagomiscuentas	0.000147932474478961	0.000376488903799117	0.000446812550964557
mpayroll_sobre_edad_rank_lag1	0.000147623423342154	0.000513547722013006	0.000525004747383354
Master_msaldopesos_rank_lag1	0.000147476750782917	0.000448592510948324	0.000491493806061012
vmr_msaldopesos_tend3	0.000146922801531049	0.000616566022803551	0.000580856316253924
vmr_mconsumototal	0.000146744904054462	0.000302783458128822	0.000457982864738671
vm_status02_tend3	0.00014383761422171	0.000658212875547317	0.000234576589256392
vmr_mconsumosdolares_lag2	0.000142781300885073	0.000554675065798318	0.000502664119835126
Master_mpagospesos_rank_lag1	0.00014122688187966	0.000421298481129034	0.000547345374931582
Master_fultimo_cierre_delta2	0.000140792733165745	0.00010549837332166	0.000413301609642215
Master_mconsumototal_rank_lag2	0.000140033887269331	0.000569133103454841	0.000413301609642215
matm_other_rank_lag1	0.000139182677918263	0.000635950048558354	0.000435642237190443
vm_mconsumosdolares_rank	0.000137563281583687	0.000917427767059699	0.000536175061157468
Master_cconsumos_avg3	0.000137022243845922	0.000619656484383389	0.000469153178512784
ccuenta_debitos_automaticos	0.000136659351665612	0.00018555804002128	0.000435642237190443
matm_other_rank	0.000135989993177659	0.00125814273880175	0.000435642237190443
Master_msaldopesos_rank_delta1	0.000135382468820932	0.00101164393107118	0.000580856316253924
Visa_fultimo_cierre_delta2	0.000135149157065303	0.000128766266410511	0.000323939099449304
Master_fultimo_cierre_tend3	0.000132961396364336	0.000101623429879095	0.000323939099449304
vm_mconsumototal_rank	0.000132599564172253	0.000724408763961715	0.000402131295868101
ctarjeta_debito_lag1	0.000132097238458413	0.000279114195070194	0.000446812550964557
cforex_avg3	0.000130285459147827	0.000921678565322544	0.000525004747383354
vm_mconsumospesos_rank_lag1	0.000130008006541762	0.000393303720681446	0.000491493806061012
cpagomiscuentas_lag1	0.000129812233385465	0.000444144463911678	0.000547345374931582
mextraccion_autoservicio_rank	0.000129315022647518	0.000513136479347192	0.000592026630028038
mpagomiscuentas_rank_delta2	0.000128866687001441	0.00133158877617827	0.000670218826446835
Master_cconsumos_lag2	0.000127333431181902	0.000473188243189041	0.00051383443360924
Visa_mconsumosdolares_rank_delta2	0.0001265193005594	0.000602956165131717	0.000547345374931582
vm_status06_delta1	0.000125453412355471	0.000570815923726796	0.00020106564793405
vm_mconsumospesos_rank_delta1	0.000125354932242253	0.000683372505413602	0.000580856316253924
ctransferencias_emitidas	0.000123069684645795	0.000385679306787763	0.000424471923416329
vmr_msaldototal_tend3	0.000122691963543247	0.000714687517646699	0.000536175061157468
vm_mconsumosdolares_rank_lag2	0.000122236138095985	0.000883319499862515	0.000525004747383354
vmr_mpagado	0.000120502280130866	0.000770254076857649	0.000390960982093987
tcuentas_lag2	0.000120315547755081	0.00205000642917787	0.000525004747383354
cextraccion_autoservicio_lag2	0.000118766504715266	0.000375217428766441	0.000446812550964557
mtarjeta_master_consumo_rank_delta2	0.000118715397665302	0.00176022567073632	0.000558515688705696
mprestamos_prendarios_rank_lag1	0.000118510754763601	0.000766655594547473	0.000178725020385823
tcallcenter_delta1	0.000117694461459422	0.000418827152985837	0.00020106564793405
ccajas_otras_lag1	0.00011677203466059	0.00167619115403892	0.000547345374931582
ccheques_emitidos_lag2	0.000116418520241952	0.00492488548481453	0.00116171263250785
vmr_msaldodolares_avg3	0.000116071743762638	0.000861300823364368	0.00051383443360924
cextraccion_autoservicio	0.000115823637268378	0.000448085233875609	0.000446812550964557
Master_fultimo_cierre_delta1	0.000115568229436749	0.00014821981133143	0.000357450040771645
Master_msaldopesos_rank_lag2	0.000115423042704848	0.000229916524894108	0.000424471923416329
Master_cconsumos_tend3	0.000113513981637774	0.000625154216977333	0.000413301609642215
ctarjeta_master_transacciones_avg3	0.000112980914063318	0.000948110183088833	0.00051383443360924
ctarjeta_debito_transacciones_tend3	0.000110310873515195	0.000832691853006475	0.000424471923416329
Visa_status_delta1	0.0001088442962303	0.000253765394090502	0.000111703137741139
Master_Fvencimiento_delta2	0.000107050029448112	7.66823071372966e-05	0.00020106564793405
vmr_msaldopesos_delta2	0.000106832115724566	0.000413455354963933	0.000480323492286898
Master_msaldototal_rank_lag2	0.000105180049317893	0.000205696596186938	0.000368620354545759
matm_rank_lag2	0.000104342331645706	0.000222610499036762	0.000402131295868101
cdescubierto_preacordado_lag2	0.000103977922730081	0.000168997938696694	0.000234576589256392
matm_other_rank_delta2	0.000101985073042621	0.00122131371043709	0.000480323492286898
ccajas_extracciones	0.000100975885654868	0.00083247116619585	0.000346279726997531
mtarjeta_master_consumo_rank_lag1	9.9622393559225e-05	0.00181494764003387	0.000547345374931582
vmr_mconsumototal_avg3	9.95906937605142e-05	0.000303180827733451	0.000390960982093987
mpagomiscuentas_rank_delta1	9.88633929211489e-05	0.00166429594005665	0.000625537571350379
ccajas_depositos_avg3	9.8738698891442e-05	0.0011070762317308	0.000402131295868101
Master_mpagominimo_rank_delta1	9.81305602212041e-05	0.00080992795463945	0.000413301609642215
Visa_mpagado_rank_lag2	9.5333403965393e-05	0.00199319396137047	0.000647878198898607
vm_mconsumototal_rank_lag2	9.5324914932652e-05	0.000273454678478082	0.000357450040771645
Visa_status_avg3	9.5044277820863e-05	0.00108720177659496	0.000346279726997531
ccuenta_debitos_automaticos_lag1	9.34290490216632e-05	0.000168007668819178	0.000323939099449304
matm_rank_lag1	9.32791515431742e-05	0.00087652985447293	0.000491493806061012
Master_cconsumos	9.31947068406612e-05	0.000364185473068265	0.000323939099449304
Master_mconsumospesos_rank	9.27449098640881e-05	0.000180294867299144	0.000279257844352848
ccaja_ahorro_lag1	9.14584085999641e-05	0.00141812141833668	0.000435642237190443
ccajas_transacciones_lag1	9.1002446527879e-05	0.000255986289118132	0.000268087530578734
ctarjeta_master_transacciones_delta2	9.0668400269738e-05	0.000454512589785702	0.000156384392837595
ccuenta_debitos_automaticos_delta2	9.05533253420013e-05	0.000675756092250213	0.000234576589256392
Master_mconsumospesos_rank_lag1	9.0021637407242e-05	0.000282580178106549	0.000323939099449304
vmr_mconsumototal_lag2	8.98789587452074e-05	0.000178610687928773	0.000301598471901076
Master_mpagospesos_rank_delta1	8.97369826169418e-05	0.00177331037790911	0.000603196943802151
ctransferencias_emitidas_lag2	8.90540824089749e-05	0.000353955257218357	0.000379790668319873
Visa_fultimo_cierre_delta1	8.8709952935973e-05	9.4171544554071e-05	0.000301598471901076
thomebanking_lag1	8.85216086024929e-05	0.000120009338886286	0.00031276878567519
vmr_mconsumototal_delta2	8.83971403594552e-05	0.000190160844773719	0.00031276878567519
mtarjeta_master_consumo_rank_lag2	8.65889464540908e-05	0.000392468259806457	0.000368620354545759
Master_mconsumospesos_rank_lag2	8.62657776521988e-05	0.000270079857609025	0.00025691721680462
cextraccion_autoservicio_delta1	8.62498098451824e-05	0.00246933075575009	0.000714900081543291
vm_cconsumos_tend3	8.58598943967592e-05	0.000424005061514931	0.000279257844352848
mcuenta_debitos_automaticos_rank_delta1	8.58309280211556e-05	0.000495579389583112	0.000323939099449304
vmr_mpagado_lag2	8.55066843150967e-05	0.000266445628446188	0.000290428158126962
ccomisiones_mantenimiento_lag1	8.53016067089188e-05	0.00013001984237349	0.00025691721680462
Master_mconsumototal_rank_lag1	8.48262211942635e-05	0.000249071709247794	0.000268087530578734
mextraccion_autoservicio_rank_delta1	8.48196339487724e-05	0.00082423136279701	0.000480323492286898
ctransferencias_emitidas_lag1	8.42506197077569e-05	0.000167725514859463	0.000346279726997531
cseguro_vida_avg3	8.40050181646678e-05	0.00039477470110416	0.000279257844352848
cpagomiscuentas_delta2	8.39920141757258e-05	0.000859504685056607	0.000346279726997531
vmr_msaldodolares2_lag2	8.29058046634097e-05	0.000292175720639822	0.00020106564793405
cseguro_vivienda_avg3	8.26650828843289e-05	0.000198296023237938	0.000279257844352848
vmr_mconsumototal_lag1	8.02039684340887e-05	0.000175608285668908	0.000268087530578734
thomebanking_delta1	8.00344022021231e-05	0.000389135468414814	0.000212235961708164
ccajas_transacciones_delta2	7.88227479060982e-05	0.00051916008045444	0.000290428158126962
ctransferencias_emitidas_delta1	7.84688010460314e-05	0.000295229845569571	0.000223406275482278
catm_trx_lag2	7.77622211105273e-05	0.000241902208672781	0.000335109413223417
ccajas_extracciones_lag2	7.75772039581654e-05	0.000819124845399776	0.000290428158126962
Master_delinquency	7.61559563425062e-05	7.02188710107789e-05	4.46812550964557e-05
vm_msaldodolares_rank	7.45251516757627e-05	0.00180417183592195	0.00051383443360924
vm_mconsumosdolares_rank_lag1	7.43629954672497e-05	0.000325407702722821	0.000301598471901076
Visa_Finiciomora_lag1	7.41125017451487e-05	0.00056438600348007	0.000189895334159937
thomebanking_lag2	7.39902022816863e-05	9.27986243641982e-05	0.000279257844352848
mcheques_emitidos_rank_lag2	7.37542868427279e-05	0.00148472160006461	0.000435642237190443
mplazo_fijo_dolares_rank_delta2	7.26706241398729e-05	0.00119879073149672	0.000357450040771645
ccheques_emitidos_avg3	7.1963521609687e-05	0.00175448740336621	0.000457982864738671
cextraccion_autoservicio_lag1	7.098317170469e-05	0.000101785495954293	0.000245746903030506
mtarjeta_master_consumo_rank_avg3	7.03109801248649e-05	0.000392535394139506	0.000234576589256392
vm_mpagado_rank_delta2	6.98068526213491e-05	0.000286717889123884	0.000245746903030506
active_quarter_avg3	6.87223101869526e-05	0.000167276217438018	0.000178725020385823
vm_mpagado_rank_lag2	6.84576435923573e-05	0.000756557467677524	0.000335109413223417
vm_mconsumototal_rank_lag1	6.83354841812954e-05	6.5824854546988e-05	0.000212235961708164
vm_fultimo_cierre_delta1	6.69122350199462e-05	0.000118595107233257	0.000223406275482278
Visa_delinquency_lag1	6.63330782490484e-05	5.37003632263778e-05	7.81921964187974e-05
Master_status_avg3	6.58431225020715e-05	0.000132523686305191	7.81921964187974e-05
Master_delinquency_tend3	6.46341142956813e-05	0.000198168370560354	6.70218826446835e-05
ctransferencias_emitidas_tend3	6.42903216419272e-05	0.000288520310056397	0.000167554706611709
mtarjeta_master_consumo_rank_tend3	6.42871792709916e-05	0.000597375142883937	0.000301598471901076
Master_mconsumospesos_rank_delta2	6.32373216465687e-05	0.000508748925011717	0.000301598471901076
Master_mconsumospesos_rank_delta1	6.31664787263829e-05	0.0002205842115162	0.000245746903030506
ccajas_consultas_tend3	6.28254810227405e-05	0.000201308349480572	6.70218826446835e-05
vm_mpagado_rank	6.24290390686834e-05	0.000466256713053559	0.000234576589256392
Master_cconsumos_lag1	6.16366487316928e-05	0.000114384235691786	0.000189895334159937
ccajas_otras_avg3	6.09870351611716e-05	0.000547744048530163	0.00025691721680462
cseguro_accidentes_personales	6.08219474175792e-05	0.00019405202046717	0.000156384392837595
cseguro_vida_lag2	5.969583237702e-05	0.000425458040294482	0.000189895334159937
vmr_mconsumosdolares_lag1	5.92083519386487e-05	0.000684545612493042	0.000335109413223417
catm_trx_lag1	5.91960685181118e-05	0.000258204389018833	0.000268087530578734
ccuenta_debitos_automaticos_tend3	5.87233348123627e-05	0.000311583466508479	0.000111703137741139
mprestamos_prendarios_rank_avg3	5.87195781876999e-05	0.000281308318423378	6.70218826446835e-05
Visa_msaldodolares_rank_lag2	5.6701036178307e-05	0.000319232857040967	0.000178725020385823
mttarjeta_master_debitos_automaticos_rank_lag1	5.66165845010729e-05	0.000156052910940297	0.000156384392837595
catm_trx	5.65175182808646e-05	0.000436952448461029	0.000301598471901076
Visa_status	5.61773651873064e-05	0.000346356871341497	0.000111703137741139
ctarjeta_master_descuentos_avg3	5.48070905076876e-05	0.00124595321590413	0.000301598471901076
Visa_fultimo_cierre_tend3	5.45048407677119e-05	8.17421536078124e-05	0.000189895334159937
cplazo_fijo_avg3	5.37937154176489e-05	0.00038735743432368	0.000223406275482278
cextraccion_autoservicio_delta2	5.32409555089307e-05	0.000176165028795271	0.00025691721680462
Visa_msaldodolares_rank_lag1	5.24185441649439e-05	0.000458155178685963	0.000234576589256392
ctarjeta_master_debitos_automaticos_avg3	5.24124169720593e-05	0.000582654183792445	0.00025691721680462
vmr_mpagado_tend3	5.22191835184807e-05	0.000214932772584481	0.000189895334159937
vmr_mconsumototal_delta1	5.1916087964036e-05	0.000325266253914152	0.000212235961708164
vmr_mconsumototal_tend3	5.17571150182523e-05	8.04204175771317e-05	0.000167554706611709
Visa_mpagosdolares_rank	5.08854797329991e-05	0.000229995993686361	0.000189895334159937
cforex_sell_avg3	5.01202906490409e-05	0.000125205043911611	0.000134043765289367
Visa_Finiciomora_tend3	4.97461282659339e-05	0.000210799241435857	6.70218826446835e-05
Master_mconsumototal_rank_delta1	4.95689055437984e-05	0.000185122846451315	0.000189895334159937
vm_status06_delta2	4.94894200274397e-05	0.00013111191641533	3.35109413223417e-05
cpagomiscuentas_lag2	4.94653022388409e-05	0.000202910777799086	0.000234576589256392
Visa_mpagado_rank_lag1	4.87599698928808e-05	0.000203630407588369	0.000167554706611709
vm_status05_tend3	4.8524540771336e-05	0.000119264706814832	5.58515688705696e-05
tcallcenter_lag2	4.7995069203678e-05	0.000138616524501526	0.000178725020385823
ccajas_depositos_lag1	4.72763293711941e-05	0.000679357703051081	0.000212235961708164
vmr_mconsumosdolares_tend3	4.57616336445605e-05	0.000673446112167957	0.00025691721680462
vmr_mpagado_lag1	4.52605373947087e-05	0.000242373995326497	0.000189895334159937
vm_mpagado_rank_lag1	4.52521973021557e-05	0.000515402147692433	0.000212235961708164
vm_status03_avg3	4.47446152790415e-05	2.91525840806953e-05	0.000100532823967025
Master_mpagado_rank_delta2	4.37012521562463e-05	0.00103195681084114	0.000290428158126962
vmr_mconsumosdolares_delta2	4.36381004005584e-05	0.000366658006449679	0.000234576589256392
cinversion2_lag2	4.34497080411413e-05	0.00138347346085174	0.000323939099449304
Visa_msaldodolares_rank	4.33671606222012e-05	0.000197723688944847	0.000145214079063481
ctarjeta_debito_delta1	4.27651680563061e-05	0.000764637871911265	0.000178725020385823
vmr_mconsumosdolares_delta1	4.14005260020595e-05	0.000287994697976757	0.000178725020385823
Master_cconsumos_delta1	4.08612873537584e-05	4.4338380473627e-05	0.000134043765289367
matm_rank_delta1	4.04107371969769e-05	0.000230017457183978	0.000189895334159937
Visa_mpagosdolares_rank_lag1	4.01820940307286e-05	0.000756067525520448	0.000234576589256392
mforex_buy_rank_lag1	4.00497612116975e-05	0.00148651255841238	0.000346279726997531
vmr_mpagado_delta2	3.92711653187598e-05	0.000192132229846971	0.000156384392837595
Visa_fechaalta_delta2	3.90182107556176e-05	3.19323249907275e-05	5.58515688705696e-05
vmr_Visa_mlimitecompra_tend3	3.88763702757144e-05	0.00119448756947984	0.000301598471901076
ccallcenter_transacciones_lag1	3.8405006006642e-05	0.000486274873614304	0.000245746903030506
ctarjeta_master_delta1	3.80274129574829e-05	3.13900447229743e-05	1.11703137741139e-05
ctarjeta_visa_descuentos_tend3	3.77554502465952e-05	0.000830332817164432	0.00020106564793405
ccajas_transacciones	3.766944501001e-05	0.000109641110438796	0.000145214079063481
thomebanking_tend3	3.76526851835524e-05	0.000141947187493765	8.93625101929113e-05
vm_status01_delta1	3.6104570419338e-05	0.000366100083728466	0.000134043765289367
ctarjeta_master_transacciones_tend3	3.51302969711113e-05	0.000242934738818007	0.000111703137741139
vmr_mpagosdolares_delta1	3.49877142214563e-05	0.00118828408015779	0.000301598471901076
Master_Finiciomora_tend3	3.49618605642596e-05	0.000121576507576098	3.35109413223417e-05
cseguro_auto_avg3	3.47988592586774e-05	0.00167803983560429	0.000390960982093987
Visa_msaldodolares_rank_delta2	3.47351185176808e-05	0.000441864409637927	0.000178725020385823
Master_mconsumototal_rank	3.43094687431019e-05	7.8260835838393e-05	0.000100532823967025
cseguro_accidentes_personales_lag1	3.35608863506167e-05	5.90988047058979e-05	5.58515688705696e-05
cpagomiscuentas_tend3	3.35287729808338e-05	0.00038047478044442	0.000134043765289367
ccajas_transacciones_tend3	3.33940531730946e-05	0.000394500881238502	0.000167554706611709
ctarjeta_visa_descuentos_avg3	3.33650014269042e-05	0.000842579986349559	0.000234576589256392
mv_status07_rank_lag2	3.28304237655369e-05	0.00111058929598774	0.000290428158126962
Master_cconsumos_delta2	3.26607704491959e-05	4.25171373102293e-05	0.000111703137741139
cpayroll_trx_delta1	3.23420085728585e-05	0.000117531061390814	8.93625101929113e-05
ctarjeta_debito_tend3	3.21544065710931e-05	0.000357604539037229	8.93625101929113e-05
Master_fechaalta_delta2	3.21117930974027e-05	2.11069009649635e-05	6.70218826446835e-05
vmr_msaldodolares2_lag1	3.20362119900839e-05	0.000718636903781716	0.000212235961708164
vm_status02_delta2	3.16341807336367e-05	0.000865901268927105	0.000223406275482278
ctarjeta_master_transacciones_lag1	3.14641679999514e-05	0.000210968231219963	0.000122873451515253
vm_status04	3.10053880608137e-05	2.43474788112889e-05	3.35109413223417e-05
ccaja_ahorro_lag2	3.09932844087324e-05	0.000139984239088034	0.000111703137741139
Visa_delinquency_tend3	3.095712012091e-05	5.26875784732254e-05	4.46812550964557e-05
Visa_mpagosdolares_rank_lag2	3.08850566643799e-05	7.03075970582762e-05	0.000122873451515253
vm_mconsumosdolares_rank_delta2	3.05642339195468e-05	0.000180056435279019	0.000134043765289367
ccallcenter_transacciones_lag2	3.04086396881066e-05	0.000102671371687484	0.000100532823967025
mcheques_emitidos_rank_delta2	3.03181076482584e-05	0.000865146610299418	0.000212235961708164
Master_mconsumototal_rank_delta2	3.02588404535468e-05	0.000188084603975549	0.000145214079063481
Master_mconsumosdolares_rank_lag2	2.90230593615689e-05	2.45429325494464e-05	8.93625101929113e-05
Master_status_tend3	2.88829040540047e-05	4.42300372508882e-05	4.46812550964557e-05
catm_trx_other_lag2	2.87124793833248e-05	7.43287846190139e-05	0.000134043765289367
ctarjeta_master_transacciones_lag2	2.8342371296015e-05	0.000151060583453325	0.000111703137741139
mprestamos_hipotecarios_rank_lag2	2.81470873939872e-05	0.00038361614410642	8.93625101929113e-05
mtarjeta_visa_descuentos_rank_delta2	2.79641483498257e-05	0.000143473890951511	0.000111703137741139
matm_rank	2.77212161421205e-05	0.000204181816894535	0.000189895334159937
mv_status07_rank_delta1	2.76092748569541e-05	0.000767103943164365	0.000212235961708164
catm_trx_other_lag1	2.6941084614865e-05	4.55507731902821e-05	7.81921964187974e-05
vmr_msaldodolares2_tend3	2.69160240831011e-05	0.000603710695542573	0.000167554706611709
ccajas_extracciones_delta1	2.68792749549471e-05	0.000540501054067252	0.000178725020385823
mcaja_ahorro_adicional_rank_lag2	2.68085213111919e-05	0.00154305820699312	0.000379790668319873
Master_Fvencimiento_delta1	2.65157614963689e-05	2.26615556920079e-05	7.81921964187974e-05
vm_status05	2.63012487265631e-05	5.97973043613257e-05	4.46812550964557e-05
cliente_edad_delta2	2.57816817411936e-05	7.97703069539662e-05	0.000100532823967025
ctarjeta_visa_delta2	2.51794270852057e-05	6.51131742012673e-05	4.46812550964557e-05
vm_status03_delta1	2.49778617891728e-05	4.78923971865882e-05	1.11703137741139e-05
mtarjeta_master_consumo_rank_delta1	2.46780708177498e-05	0.000612172519207087	0.000178725020385823
vm_mpagado_rank_delta1	2.45512090496938e-05	0.000925724550018522	0.00025691721680462
mforex_sell_rank	2.44401453040137e-05	0.000639344999469978	0.000178725020385823
vmr_msaldodolares2_delta2	2.44167308861505e-05	0.000578903046522515	0.000167554706611709
ccajas_transacciones_lag2	2.44016072993812e-05	4.46495114372932e-05	7.81921964187974e-05
Master_mpagado_rank_lag1	2.40175779576243e-05	8.78807908564107e-05	5.58515688705696e-05
mtarjeta_visa_descuentos_rank_delta1	2.34196263016665e-05	0.00012555666575071	0.000100532823967025
cplazo_fijo_delta2	2.26810850010857e-05	0.000308416587696982	7.81921964187974e-05
Visa_Fvencimiento_delta1	2.25061958213665e-05	2.01393254666486e-05	8.93625101929113e-05
ccajas_depositos_delta1	2.18445770419709e-05	0.000567333067355397	0.000145214079063481
catm_trx_delta1	2.16128504212528e-05	0.000292665355076502	0.000122873451515253
vm_msaldodolares_rank_delta1	2.11372458604982e-05	8.36447118858384e-05	6.70218826446835e-05
cforex_lag1	2.10895641160148e-05	0.00015300191450124	6.70218826446835e-05
Master_mconsumosdolares_rank	2.10546291327577e-05	2.29893548437878e-05	5.58515688705696e-05
minversion2_rank_lag1	2.05260632426039e-05	0.000478878813897777	0.000111703137741139
cpagomiscuentas_delta1	2.00287946400038e-05	0.000238232489090945	0.000111703137741139
tcallcenter_tend3	1.99526241488207e-05	1.48985394033174e-05	1.11703137741139e-05
vm_msaldodolares_rank_delta2	1.98766365148982e-05	0.000624339552872437	0.000178725020385823
vm_status03_delta2	1.96064186002514e-05	0.000104440584460601	3.35109413223417e-05
vm_mconsumosdolares_rank_delta1	1.92578242694742e-05	9.02924981728933e-05	6.70218826446835e-05
cpayroll_trx_delta2	1.89784870862839e-05	6.12823629921539e-05	4.46812550964557e-05
mplazo_fijo_dolares_rank_lag1	1.89668414541761e-05	0.000337377461971004	0.000111703137741139
Master_delinquency_avg3	1.8379573600712e-05	6.5545649574401e-05	4.46812550964557e-05
Master_mpagado_rank_lag2	1.79547786479564e-05	3.16235788601299e-05	4.46812550964557e-05
vmr_Visa_mlimitecompra_delta1	1.77771938780102e-05	0.00124611446139161	0.000290428158126962
minversion2_rank_lag2	1.75715401598659e-05	0.00059124222410603	0.000145214079063481
Visa_mpagado_rank_delta1	1.75088661526485e-05	0.00011599358771921	8.93625101929113e-05
ccajas_transacciones_delta1	1.72724710920088e-05	0.000132548868090926	5.58515688705696e-05
tcallcenter_lag1	1.72614645037798e-05	5.70298722671313e-05	6.70218826446835e-05
ctarjeta_visa_tend3	1.67819749037823e-05	2.89993649668813e-05	2.23406275482278e-05
cextraccion_autoservicio_tend3	1.60924656094832e-05	7.61036132893566e-05	6.70218826446835e-05
cinversion1_lag1	1.56488063875153e-05	0.000239760090066512	5.58515688705696e-05
mttarjeta_master_debitos_automaticos_rank_lag2	1.53239868484789e-05	0.00013950455427749	7.81921964187974e-05
cseguro_vivienda_lag2	1.51671785372933e-05	4.12332765316161e-05	4.46812550964557e-05
Master_status_delta1	1.48155365323658e-05	8.95346597677809e-05	2.23406275482278e-05
active_quarter_lag2	1.47183119486651e-05	2.61636189447872e-05	3.35109413223417e-05
cforex_lag2	1.45240306528376e-05	4.26185055373267e-05	5.58515688705696e-05
cseguro_vivienda	1.41823031143749e-05	0.00012558725828674	6.70218826446835e-05
mttarjeta_master_debitos_automaticos_rank_delta2	1.41451939311878e-05	0.00111224090828287	0.000268087530578734
Master_mpagado_rank	1.38775066845047e-05	1.60652869279074e-05	4.46812550964557e-05
Master_fechaalta_delta1	1.34762412125834e-05	1.3688069939137e-05	6.70218826446835e-05
vm_mpagosdolares_rank_delta2	1.34328036456984e-05	0.000316048720243931	8.93625101929113e-05
vm_msaldodolares_rank_lag2	1.33332048669208e-05	0.000236913163536699	8.93625101929113e-05
Master_mconsumosdolares_rank_delta2	1.31567103056725e-05	8.61181171417079e-06	3.35109413223417e-05
vm_status03	1.28690214718199e-05	1.94702387523999e-06	1.11703137741139e-05
ctarjeta_master_debitos_automaticos_lag2	1.28479165236212e-05	6.43005872090431e-05	4.46812550964557e-05
mforex_sell_rank_lag1	1.28350766598317e-05	2.55371515053768e-05	3.35109413223417e-05
ctarjeta_master_debitos_automaticos_lag1	1.26765720964643e-05	1.47657580524673e-05	4.46812550964557e-05
vm_mpagosdolares_rank_delta1	1.26679039927399e-05	1.32930851675758e-05	4.46812550964557e-05
active_quarter	1.25008201238121e-05	1.61121630015563e-05	4.46812550964557e-05
active_quarter_lag1	1.21977322216329e-05	2.66021461523745e-05	3.35109413223417e-05
cseguro_vida	1.21946370396677e-05	3.93064083423105e-05	3.35109413223417e-05
Master_mpagosdolares_rank_lag1	1.21575833354053e-05	6.15427970205883e-06	3.35109413223417e-05
vm_Fvencimiento_delta1	1.20949092086212e-05	4.33152614438441e-05	5.58515688705696e-05
Visa_mpagosdolares_rank_delta1	1.19792756655044e-05	1.18626725503941e-05	4.46812550964557e-05
vmr_msaldodolares_lag1	1.19093175385149e-05	8.94759621022545e-05	7.81921964187974e-05
catm_trx_other	1.10250359280199e-05	1.92905813279009e-05	2.23406275482278e-05
vm_Finiciomora_lag2	1.06876003539593e-05	0.000184400780542231	6.70218826446835e-05
cprestamos_prendarios_lag2	1.02969751579126e-05	4.34406062184588e-05	1.11703137741139e-05
mtarjeta_visa_descuentos_rank_lag1	1.02924065959978e-05	4.55928026676948e-05	3.35109413223417e-05
mplazo_fijo_dolares_rank_lag2	1.01502582718311e-05	0.000112123593446346	3.35109413223417e-05
catm_trx_other_delta1	1.01453437238921e-05	2.84829075690211e-05	4.46812550964557e-05
cforex_buy_tend3	1.00012657933019e-05	0.00095904036026605	0.000223406275482278
Master_mpagosdolares_rank	9.87187602760405e-06	7.35764595376622e-06	3.35109413223417e-05
mplazo_fijo_dolares_rank_delta1	9.59470866023335e-06	0.000670108704970374	0.000156384392837595
catm_trx_delta2	9.49185926284804e-06	1.57413342810768e-05	3.35109413223417e-05
vmr_msaldodolares_delta2	9.47490343676246e-06	9.09988190550513e-06	3.35109413223417e-05
mtarjeta_master_descuentos_rank_delta1	9.35730118892823e-06	2.03148543091686e-05	3.35109413223417e-05
Visa_delinquency_delta2	9.35682802384594e-06	7.76901683641139e-06	2.23406275482278e-05
ccajas_extracciones_lag1	9.07741694846712e-06	0.000105953748220926	5.58515688705696e-05
Master_mconsumosdolares_rank_lag1	8.97855039584285e-06	9.05098000591628e-06	3.35109413223417e-05
ccajeros_propios_descuentos_avg3	8.87664318364497e-06	0.000406645476958314	0.000100532823967025
vm_status01_lag2	8.44835552967461e-06	1.96097386652281e-06	1.11703137741139e-05
Master_mpagosdolares_rank_lag2	8.31467427784125e-06	1.68959524933933e-05	3.35109413223417e-05
ccajas_consultas_lag1	8.25433233838495e-06	0.0001084621823152	4.46812550964557e-05
Visa_mpagosdolares_rank_delta2	8.18846610093961e-06	7.20629880569417e-06	3.35109413223417e-05
Visa_msaldodolares_rank_delta1	8.08576265457614e-06	4.77590516816789e-05	2.23406275482278e-05
mtarjeta_visa_descuentos_rank_lag2	7.84234831429004e-06	5.7846562197968e-05	3.35109413223417e-05
vmr_madelantopesos_lag2	7.6964745325002e-06	2.52725632515972e-06	1.11703137741139e-05
ccajas_consultas_lag2	7.52206441648464e-06	1.95369627915872e-05	2.23406275482278e-05
cpayroll_trx_tend3	7.45246100388466e-06	1.00742016091645e-05	2.23406275482278e-05
vm_status02_lag2	6.92495016983414e-06	7.56399812261335e-06	2.23406275482278e-05
ctarjeta_visa_descuentos_delta2	6.899683664591e-06	2.12193214829486e-05	2.23406275482278e-05
catm_trx_other_delta2	6.81018178233714e-06	3.065764453726e-05	4.46812550964557e-05
ctarjeta_visa_descuentos_delta1	6.80546992851293e-06	8.86329620775645e-06	2.23406275482278e-05
ctarjeta_master_descuentos_delta1	6.57421878449897e-06	5.66518377607134e-06	1.11703137741139e-05
matm_other_rank_delta1	6.43447821378165e-06	8.97880931572076e-05	3.35109413223417e-05
ctarjeta_master_debitos_automaticos_delta1	6.32359138688534e-06	0.000371778961062157	8.93625101929113e-05
mtarjeta_visa_descuentos_rank	6.25562165325461e-06	6.85768493346526e-05	3.35109413223417e-05
ctarjeta_master_descuentos_delta2	6.08582091123642e-06	1.15720819231571e-05	2.23406275482278e-05
vmr_mpagosdolares_lag1	5.84379218898021e-06	4.36390345871104e-05	2.23406275482278e-05
cplazo_fijo_lag1	5.83388186749256e-06	7.33404892807054e-05	3.35109413223417e-05
vm_msaldodolares_rank_lag1	5.81904045801291e-06	1.23405879686622e-05	2.23406275482278e-05
cseguro_vivienda_lag1	5.80742495670041e-06	2.80345845954962e-05	2.23406275482278e-05
Master_status_delta2	5.68516391398757e-06	3.08502518617549e-06	1.11703137741139e-05
vm_fechaalta_delta1	5.40510553976575e-06	8.42635888888155e-06	3.35109413223417e-05
cforex	5.29931134026854e-06	9.26985383054172e-05	3.35109413223417e-05
Master_mconsumosdolares_rank_delta1	5.26191886383638e-06	5.49032166107587e-06	2.23406275482278e-05
vmr_msaldodolares_delta1	5.24490429067102e-06	0.000141915697439913	4.46812550964557e-05
vm_status03_tend3	5.20669310154341e-06	5.44757160506927e-05	2.23406275482278e-05
cprestamos_hipotecarios_lag2	5.15188119927525e-06	0.000143856054039907	3.35109413223417e-05
mttarjeta_master_debitos_automaticos_rank	4.93667972557606e-06	5.31250286594269e-05	3.35109413223417e-05
Master_madelantopesos_rank_delta2	4.92603207642481e-06	3.6400502069941e-06	1.11703137741139e-05
ccajas_otras_delta1	4.89109167281296e-06	7.50258226025609e-05	2.23406275482278e-05
mcajeros_propios_descuentos_rank_delta1	4.82397907262728e-06	7.81317471322943e-06	2.23406275482278e-05
ctarjeta_master_debitos_automaticos_delta2	4.61400513249641e-06	0.00033078855285304	7.81921964187974e-05
Master_cadelantosefectivo_delta1	4.35605212548379e-06	4.41360799566598e-06	1.11703137741139e-05
Master_msaldodolares_rank_lag2	4.23899542040952e-06	8.38045726315316e-06	1.11703137741139e-05
Master_madelantopesos_rank_lag2	4.23534911590747e-06	5.6345143099422e-06	2.23406275482278e-05
mttarjeta_master_debitos_automaticos_rank_delta1	4.11853329777368e-06	4.193054530546e-05	2.23406275482278e-05
vmr_msaldodolares_lag2	3.95302348391329e-06	3.95589185705493e-05	2.23406275482278e-05
vmr_mpagosdolares_delta2	3.6705491907199e-06	0.000126563834606637	3.35109413223417e-05
ctarjeta_master_debitos_automaticos	3.66478950585621e-06	1.81888140935879e-05	1.11703137741139e-05
Master_madelantopesos_rank	3.66295009254103e-06	5.68146731369007e-06	1.11703137741139e-05
cliente_edad_tend3	3.59021180184869e-06	6.9160415422195e-06	1.11703137741139e-05
catm_trx_other_tend3	3.51699814405496e-06	1.43258717464646e-05	2.23406275482278e-05
ccheques_emitidos_lag1	3.5116077308202e-06	2.44119718776056e-06	1.11703137741139e-05
mforex_sell_rank_delta2	3.44028104397595e-06	3.981001841364e-05	2.23406275482278e-05
Master_mpagado_rank_delta1	3.3538763651109e-06	1.92340633485125e-06	1.11703137741139e-05
Master_mpagosdolares_rank_delta2	3.32751622359266e-06	4.74992074506701e-06	1.11703137741139e-05
vmr_Master_mlimitecompra_delta1	3.3092458020662e-06	1.08742489952539e-05	1.11703137741139e-05
ccuenta_debitos_automaticos_delta1	3.27451153135576e-06	2.3988394752588e-05	1.11703137741139e-05
vmr_mpagosdolares	3.26020075866062e-06	6.55711134371654e-05	2.23406275482278e-05
vmr_msaldodolares2	3.11888344262634e-06	5.17274908378785e-05	3.35109413223417e-05
ccajeros_propios_descuentos	3.11793342582344e-06	1.37507679698107e-05	1.11703137741139e-05
vmr_Visa_mlimitecompra_delta2	3.04237766663404e-06	0.000183069120528781	4.46812550964557e-05
cseguro_vida_tend3	3.0157261810498e-06	6.84072184663881e-05	2.23406275482278e-05
ccajeros_propios_descuentos_delta2	3.00767958476245e-06	4.90957634382956e-06	1.11703137741139e-05
Master_msaldodolares_rank_delta1	2.96057128192364e-06	6.1304057280068e-06	1.11703137741139e-05
minversion1_pesos_rank_delta2	2.83096486145931e-06	4.79520180133025e-05	1.11703137741139e-05
Visa_cadelantosefectivo_tend3	2.79060458139782e-06	1.90463539069863e-06	1.11703137741139e-05
vm_mpagosdolares_rank	2.76905548295683e-06	2.36788280342678e-06	1.11703137741139e-05
ccheques_depositados_lag2	2.74957249619591e-06	3.03642331397269e-05	1.11703137741139e-05
cforex_delta2	2.73395900501359e-06	1.11367344929946e-05	1.11703137741139e-05
cforex_sell_delta2	2.62962690148008e-06	1.49620580217136e-05	1.11703137741139e-05
Master_Finiciomora_avg3	2.58110229183836e-06	4.11016491322508e-05	1.11703137741139e-05
ccajas_extracciones_tend3	2.56493050412027e-06	2.65891962523785e-05	1.11703137741139e-05
cseguro_vida_lag1	2.50360492970516e-06	2.93734503948845e-06	1.11703137741139e-05
ccajeros_propios_descuentos_delta1	2.46446056274428e-06	1.70165532452372e-05	1.11703137741139e-05
mforex_buy_rank_delta1	2.4522481847242e-06	4.79520180133025e-05	1.11703137741139e-05
vm_status02_delta1	2.42671544441117e-06	3.30589150036468e-06	1.11703137741139e-05
Master_cadelantosefectivo_avg3	2.30997694604319e-06	2.864056298521e-06	1.11703137741139e-05
Visa_fechaalta_delta1	2.20594296201908e-06	4.98378824598485e-06	1.11703137741139e-05
Master_cadelantosefectivo_lag2	2.08738992019874e-06	2.21661258545372e-06	1.11703137741139e-05
vm_status02_lag1	1.98339611056841e-06	2.01797906987153e-06	1.11703137741139e-05
mcaja_ahorro_adicional_rank_avg3	1.69371178906924e-06	3.58740181158463e-05	1.11703137741139e-05
mcajeros_propios_descuentos_rank_delta2	1.59809402169747e-06	7.45991169868512e-06	1.11703137741139e-05
vmr_mpagosdolares_lag2	1.51918918076555e-06	3.22741510638892e-05	4.46812550964557e-05
ccajas_depositos_lag2	1.4277096350141e-06	2.51980949157786e-05	1.11703137741139e-05
catm_trx_tend3	1.3149972645338e-06	2.83110457278861e-05	1.11703137741139e-05
Master_cadelantosefectivo_lag1	1.31092211432038e-06	1.99254085047345e-06	1.11703137741139e-05
Visa_delinquency_lag2	1.26762551651356e-06	2.07485605638861e-06	1.11703137741139e-05
cinversion1_lag2	1.25613332827085e-06	4.16615207493055e-05	1.11703137741139e-05
vmr_mpagosdolares_tend3	1.20749489118009e-06	3.65774412976091e-05	1.11703137741139e-05
mv_status07_rank_lag1	1.1762455897078e-06	1.92522701386058e-06	1.11703137741139e-05
ccajas_otras_tend3	1.1522963900829e-06	2.5626569923765e-05	1.11703137741139e-05
ctarjeta_master_debitos_automaticos_tend3	1.13403792522126e-06	4.42621427455317e-05	1.11703137741139e-05
vmr_msaldodolares	1.09467514984975e-06	6.70243230070134e-06	1.11703137741139e-05
vmr_mpagado_delta1	9.82118136300946e-07	1.87319149490637e-05	1.11703137741139e-05
Master_mpagosdolares_rank_delta1	8.85888267401733e-07	1.88014597585471e-06	1.11703137741139e-05
cforex_buy_delta2	4.84195982402082e-07	4.79520180133025e-05	1.11703137741139e-05
