Feature	Gain	Cover	Frequency
ctrx_quarter_normalizado	0.184822317473577	0.00600888295106301	0.00407760986356433
mcaja_ahorro_rank	0.0629144267748882	0.00484494811191409	0.00529509527306458
ctrx_quarter	0.0330270001786907	0.00299537678800664	0.00278282379314343
cpayroll_trx	0.0281553606752795	0.00457109585346308	0.00224171916669888
mcuentas_saldo_rank_avg3	0.027671910776606	0.00456847321007407	0.00446411316816759
mtarjeta_visa_consumo_rank	0.0245683503511386	0.00364330293771626	0.00307270127159587
mprestamos_personales_rank	0.01873097225217	0.0091882600201642	0.00465736482046922
cdescubierto_preacordado_delta2	0.0170714019872646	0.00254026003696016	0.000811656939666834
mcuenta_corriente_rank	0.016002746863479	0.00580309889563788	0.00678313299578711
vm_status04_tend3	0.0145690541109373	0.000604330827875935	0.00021257681753179
vm_status06	0.0130739524451125	0.000228849063846648	7.73006609206509e-05
mcuentas_saldo_rank	0.0128865421909265	0.00645903157936608	0.00695705948285858
vm_status01	0.0121186588724474	0.00166576916684394	0.000560429791674719
vm_mpagospesos_rank	0.0108683720995229	0.000990362336292649	0.00146871255749237
mpayroll_sobre_edad_rank	0.0108569058760078	0.00562909040637521	0.00251227147992115
vm_status06_delta2	0.00823472297733762	0.000220620955807027	7.73006609206509e-05
cdescubierto_preacordado	0.00814551103535945	0.00167714686618584	0.00102423375719862
mpasivos_margen_rank	0.0080284603303087	0.00191282821781026	0.00407760986356433
cdescubierto_preacordado_tend3	0.0078265733724139	0.00105454364888908	0.000367178139373092
foto_mes	0.00776035946975323	0.00493428632924739	0.00867699918834306
cdescubierto_preacordado_avg3	0.00688300196822695	0.00379101586583712	0.00177791520117497
cproductos_tend3	0.00683654439527752	0.00243595059490742	0.0011401847485796
mpasivos_margen_rank_avg3	0.00609770596219807	0.00258255700664689	0.00303405094113555
mprestamos_personales_rank_delta2	0.00568068718035695	0.00836457951415184	0.00293742511498473
ctrx_quarter_delta2	0.00498319207626148	0.00165697188344163	0.00315000193251652
ctrx_quarter_delta1	0.00478287405636019	0.00328394860955249	0.00332392841958799
mprestamos_personales_rank_tend3	0.00474228749807879	0.00326562809743336	0.00168128937502416
ctarjeta_visa_transacciones	0.00471033804284609	0.0040569946045518	0.00400030920264368
vm_mpagominimo_rank	0.00462983121862938	0.00228989034522574	0.00199049201870676
ctrx_quarter_normalizado_delta2	0.00462558480506136	0.00175684250876378	0.00247362114946083
vm_status04	0.00457215414800724	1.36871085068328e-05	3.86503304603254e-05
mcuentas_saldo_rank_delta2	0.00445798191245575	0.00289305880469566	0.0045607389943184
mprestamos_personales_rank_delta1	0.00423590237259743	0.00581210718528175	0.00262822247130213
ccaja_ahorro	0.00370335485541251	0.00564877586511944	0.00200981718393692
ccomisiones_mantenimiento_tend3	0.00368264362354155	0.000688635594374467	0.000502454295984231
Visa_Finiciomora	0.00368079369168368	0.00383994765429824	0.00108220925288911
mactivos_margen_rank	0.00361771623794276	0.00412179369556283	0.0063773045259537
mrentabilidad_annual_rank_lag2	0.00356126201092054	0.00271430411605869	0.00614540254319175
cproductos_delta1	0.00349110584541913	0.00221258957108731	0.00110153441811927
vm_Finiciomora	0.00344659439332175	0.0027818593887631	0.000966258261508136
mactivos_margen_rank_avg3	0.00331116538300531	0.00470575779226602	0.00458006415954857
ctrx_quarter_normalizado_delta1	0.00292740039185007	0.00382000979156473	0.00289877478452441
ctarjeta_visa_transacciones_delta2	0.00282392420110518	0.00302768035012661	0.00183589069686546
mprestamos_personales_rank_avg3	0.00276100416433336	0.00123363043654655	0.00100490859196846
ccaja_seguridad	0.00269886380653801	0.00365574697841012	0.00106288408765895
numero_de_cliente	0.00262780247241737	0.0060832254456426	0.00794264290959688
mcuenta_corriente_rank_tend3	0.00261759334584136	0.00156186763234551	0.0022803694971592
mcuentas_saldo_rank_delta1	0.00260374814664733	0.00339250206311156	0.0052371197773741
cprestamos_personales_delta2	0.0025855741231363	0.00119672491214166	0.000405828469833417
mv_status07_rank_delta2	0.00258199698461044	0.00268650718786574	0.000946933096277973
vm_msaldopesos_rank	0.00257074608094385	0.00127881075062851	0.00108220925288911
ctrx_quarter_avg3	0.00254324488559779	0.00098380044393039	0.00119816024427009
mcuenta_corriente_rank_avg3	0.00248242843601498	0.00222704214491043	0.00498589262938198
ccomisiones_mantenimiento_delta1	0.00233026678871534	0.00193691878119516	0.000753681443976346
mrentabilidad_annual_rank_avg3	0.00230277570647804	0.00414425166802327	0.00485061647277084
cproductos	0.00229707722724713	0.00231103926675421	0.00222239400146871
Visa_mpagominimo_rank	0.00229631513597256	0.00205901641622699	0.00338190391527848
cpayroll_trx_avg3	0.00224338054952918	0.00110072226878403	0.00092760793104781
mcomisiones_otras_rank_lag2	0.00223606701496514	0.00187155173753972	0.00396165887218336
mrentabilidad_annual_rank_lag1	0.00223327934841131	0.00234677761921694	0.00494724229892166
mcuenta_debitos_automaticos_rank	0.00217300691986865	0.00318440580373684	0.00222239400146871
mcaja_ahorro_rank_avg3	0.00207529391328654	0.00227575393141687	0.00309202643682604
mpasivos_margen_rank_lag2	0.002066777500225	0.00212224461991855	0.00452208866385808
mcuentas_saldo_rank_tend3	0.00204824252808637	0.00255536397028228	0.00369110655896108
mpayroll_rank	0.00202629235167746	0.00156084033064172	0.00123681057473041
Visa_delinquency_avg3	0.00201248753899966	0.000588507455847335	0.00042515363506358
mrentabilidad_annual_rank	0.00200448338007435	0.00391652916440423	0.00535307076875507
mcuenta_corriente_rank_lag1	0.0019960016540735	0.00344910435640483	0.00388435821126271
mrentabilidad_annual_rank_delta1	0.0019831798254352	0.00282782556135565	0.00527577010783442
mrentabilidad_annual_rank_tend3	0.00192609065651682	0.00411342427622402	0.00579754956904882
mcuenta_corriente_rank_delta2	0.00185403132891113	0.00179607600145045	0.00245429598423067
mactivos_margen_rank_lag2	0.00184727055958824	0.00531304030575575	0.00521779461214393
mcomisiones_mantenimiento_rank	0.00183591382488724	0.0034957020193242	0.00376840721988173
ccomisiones_mantenimiento_delta2	0.00182219058645982	0.00114921444635239	0.000869632435357322
cprestamos_personales_tend3	0.00181165360349127	0.0014743681213051	0.000405828469833417
cliente_edad	0.00179869704954059	0.0042413552818615	0.0052371197773741
mprestamos_personales_rank_lag2	0.00179209484526399	0.00281443007116031	0.00141073706180188
mtransferencias_recibidas_rank	0.00177872207846882	0.00305603619158234	0.00392300854172303
vm_msaldototal_rank	0.00177153852605542	0.000637250159659039	0.000830982104896997
mautoservicio_rank	0.00176641015236694	0.00190546361089245	0.00195184168824643
mrentabilidad_rank	0.00176375752740313	0.00368071383779034	0.00450276349862791
cproductos_delta2	0.00175717651543855	0.00156030416867278	0.00115950991380976
Visa_fechaalta	0.00175288309466093	0.00207121827136297	0.00413558535925482
vm_Finiciomora_lag1	0.00172809723977899	0.0014414377413889	0.000715031113516021
vm_status06_tend3	0.00171779044042177	0.000110993475238186	5.79754956904882e-05
mactivos_margen_rank_tend3	0.00169839434691712	0.00340887976320936	0.00504386812507247
vm_status04_delta2	0.00167676723419249	0.00055738141510644	0.000289877478452441
mpagomiscuentas_rank	0.00161478416598764	0.00274068841161335	0.00156533838364318
mpayroll_rank_delta2	0.00161322837500196	0.00424189236086915	0.00200981718393692
mtarjeta_master_consumo_rank	0.00158396363519311	0.00095165365176224	0.000618405287365207
ctransferencias_recibidas_avg3	0.00157330207372238	0.00283180459234175	0.00429018668109612
cliente_antiguedad	0.00153722363645793	0.00317565668670134	0.00448343833339775
mcuenta_corriente_rank_lag2	0.00153674500469867	0.00364454207536331	0.00398098403741352
vmr_mpagominimo_delta2	0.00152827516446408	0.00151438411002707	0.00139141189657172
vm_Finiciomora_delta1	0.00152535245646756	0.00152396240473532	0.000444478800293743
chomebanking_transacciones	0.00151721425524038	0.00260953894943291	0.00343987941096896
cliente_edad_lag2	0.00150250460947552	0.00240536368559416	0.00436748734201677
mttarjeta_visa_debitos_automaticos_rank_lag2	0.0014995850691183	0.00239200994249463	0.00318865226297685
mactivos_margen_rank_lag1	0.00148976813354187	0.00186954106465345	0.00423221118540564
mactivos_margen_rank_delta1	0.00147242819592013	0.00225443107821205	0.0047153403161597
chomebanking_transacciones_avg3	0.0014569677002413	0.00161303398214498	0.00307270127159587
cprestamos_personales	0.00142024287620013	0.00108809752779472	0.000985583426738298
Visa_fechaalta_lag2	0.00140812231799054	0.00167573161343692	0.00318865226297685
Master_Fvencimiento_lag2	0.00139316697930303	0.0022378113235619	0.00405828469833417
mcomisiones_rank_avg3	0.00138785888077699	0.00362196576124008	0.00390368337649287
mcuentas_saldo_rank_lag2	0.00138474500596302	0.00212056678841746	0.00330460325435783
mrentabilidad_annual_rank_delta2	0.00136560214053374	0.00184607260286567	0.00403895953310401
Visa_mlimitecompra_rank_delta2	0.00136319997853676	0.00346169962114971	0.00498589262938198
Master_mlimitecompra_rank_delta2	0.00130715103852185	0.00211847314536171	0.00467668998569938
mactivos_margen_rank_delta2	0.00130612788568102	0.0021911607780766	0.00398098403741352
mcomisiones_rank_lag2	0.00130183442535793	0.00118169425457976	0.00291809994975457
cliente_edad_lag1	0.00128599789677869	0.00185952717655539	0.00353650523711978
mpasivos_margen_rank_tend3	0.0012849418791205	0.00227406701686565	0.00363313106327059
mttarjeta_visa_debitos_automaticos_rank_delta2	0.00128005713080519	0.00314113572496755	0.00270552313222278
mrentabilidad_rank_tend3	0.00126970896734731	0.00178789138724705	0.00343987941096896
mrentabilidad_rank_avg3	0.00126593331496591	0.00166464308696995	0.00268619796699262
ctarjeta_visa_transacciones_delta1	0.00125052137768307	0.0016859367259414	0.00100490859196846
mprestamos_personales_rank_lag1	0.0012460062492979	0.00171933614932627	0.00100490859196846
mcaja_ahorro_rank_lag2	0.00124221788033056	0.0021191398325078	0.00361380589804043
mrentabilidad_rank_delta2	0.00123323051529734	0.00222079064831908	0.00390368337649287
mpasivos_margen_rank_delta2	0.00121656978526891	0.00201021834074428	0.00394233370695319
mcaja_ahorro_rank_lag1	0.00121617683542695	0.00151620975943537	0.00278282379314343
Master_Fvencimiento_tend3	0.00121225639355599	0.000170581602920266	0.000405828469833417
vm_status04_delta1	0.001212218596274	0.00135289420360526	0.000579754956904882
Master_fechaalta_lag2	0.00121062281378777	0.00193342263659548	0.00359448073281027
Visa_mpagospesos_rank	0.00119757629179987	0.00100965530246669	0.00239632048854018
chomebanking_transacciones_lag2	0.00119693425877379	0.00265012738865584	0.00392300854172303
vm_mlimitecompra_rank_delta2	0.00118948496690699	0.00243605553033757	0.00415491052448498
mtransferencias_recibidas_rank_lag1	0.0011855890167457	0.00254824071922066	0.00349785490665945
mrentabilidad_rank_lag2	0.00118509438321049	0.00218595199817316	0.00378773238511189
Visa_mfinanciacion_limite_rank_delta2	0.00118022763397467	0.00185530093813273	0.0042515363506358
ccallcenter_transacciones_delta2	0.001171539619924	0.000611918187864556	0.00042515363506358
Visa_mlimitecompra_rank	0.00116391893673418	0.00146739661831663	0.00307270127159587
Master_mfinanciacion_limite_rank_delta2	0.00116293438710241	0.00150816274470779	0.00388435821126271
cliente_edad_avg3	0.001137634806615	0.00185202505749879	0.00334325358481815
mtransferencias_recibidas_rank_lag2	0.00113014471895509	0.00309364949520147	0.00378773238511189
vmr_mpagominimo_avg3	0.00112513363081201	0.0020007829730701	0.00237699532331001
mpasivos_margen_rank_delta1	0.00110927447940564	0.00259043803736699	0.00376840721988173
cdescubierto_preacordado_delta1	0.00110461058211062	0.00270708632267238	0.000676380783055695
ccaja_ahorro_delta2	0.00110259887847305	0.00979531148356616	0.00233834499284969
vm_mfinanciacion_limite_rank_delta2	0.00109722947425315	0.00304612523016295	0.00398098403741352
mcaja_ahorro_rank_delta1	0.00109441111508899	0.00300301864629606	0.00361380589804043
Visa_Fvencimiento_lag2	0.00108436626124615	0.00139040047570575	0.00318865226297685
mcuentas_saldo_rank_lag1	0.00107670306821696	0.00230588568384773	0.00287944961929425
Master_Fvencimiento_avg3	0.00107317059871088	0.00209080748471059	0.00318865226297685
cliente_antiguedad_lag2	0.00106594167300039	0.00231840706147326	0.00334325358481815
Master_Fvencimiento	0.00106317509641956	0.00276801083777385	0.00353650523711978
ccomisiones_mantenimiento_avg3	0.00106116115596687	0.00579006035184539	0.00251227147992115
mcomisiones_otras_rank_delta2	0.00105590252263603	0.00177475113949416	0.00293742511498473
vm_mpagospesos_rank_lag1	0.00104282570586994	0.000334698388576574	0.00063773045259537
Master_fechaalta	0.00104202626471603	0.00386451896431256	0.00374908205465157
cmobile_app_trx	0.00102874624488588	0.00323100647978342	0.0032659529238975
chomebanking_transacciones_lag1	0.00102643697573092	0.0021661523026061	0.00322730259343717
vm_fechaalta	0.00102492522783322	0.0022783788018999	0.00270552313222278
vm_Fvencimiento	0.00101842224494536	0.00128218174127779	0.00316932709774669
mcaja_ahorro_dolares_rank	0.00101589449770604	0.00383831488869973	0.00291809994975457
mcomisiones_mantenimiento_rank_lag2	0.0010053891584004	0.0018594944251727	0.0022803694971592
vm_status05_avg3	0.0010039624591471	3.2306138562077e-05	7.73006609206509e-05
Visa_mpagospesos_rank_delta2	0.00099154035123434	0.00251838682952057	0.0031113516020562
mrentabilidad_rank_lag1	0.000990711189999276	0.00191319354856706	0.00345920457619913
mcomisiones_otras_rank_lag1	0.000988622842951343	0.00168260818108409	0.0031113516020562
mcomisiones_rank	0.000984941319930891	0.00243942682666642	0.00313067676728636
cplazo_fijo	0.000978900822830757	0.00193877587193085	0.000599080122135044
mcomisiones_rank_delta2	0.000976544585788597	0.002002828275085	0.00251227147992115
thomebanking_avg3	0.000967147360972126	0.00104581868053975	0.00226104433192904
chomebanking_transacciones_delta1	0.000959372454223429	0.00265526577492075	0.00235767015807985
Master_mlimitecompra_rank_delta1	0.000952691382801828	0.00300247663274675	0.00374908205465157
thomebanking	0.000949571403006252	0.000687417417612342	0.00121748540950025
vm_status01_avg3	0.000948063059881943	0.000298877415292431	0.000231901982761953
mcomisiones_otras_rank	0.000940623400406772	0.00161984819115951	0.00274417346268311
Visa_mfinanciacion_limite_rank_lag1	0.000933672454961972	0.00127054447631093	0.00297607544544506
ccomisiones_otras_avg3	0.000929929596053342	0.00204542398105039	0.00305337610636571
Visa_mfinanciacion_limite_rank_delta1	0.000920484208733871	0.00189857193394073	0.00374908205465157
Visa_Fvencimiento	0.000920275504580624	0.00178648478086317	0.0029567502802149
mrentabilidad_rank_delta1	0.00091990935437993	0.00119934807955279	0.00297607544544506
Visa_mlimitecompra_rank_delta1	0.000918530899760516	0.00252612122138323	0.0035751555675801
vm_fechaalta_lag2	0.000917574959717372	0.00199480479768444	0.00274417346268311
mcomisiones_rank_lag1	0.000916351831545137	0.00110165131633974	0.00289877478452441
vm_Fvencimiento_lag1	0.000911555151274989	0.00238419712198755	0.0029567502802149
Master_mfinanciacion_limite_rank_delta1	0.00091088954219766	0.00209491974832148	0.00334325358481815
mpasivos_margen_rank_lag1	0.000909816064481162	0.0010164256246284	0.00264754763653229
mtransferencias_recibidas_rank_delta2	0.0009072141766597	0.00183217226102326	0.00307270127159587
Master_Fvencimiento_lag1	0.000905406091452255	0.00186910621362832	0.0029567502802149
cmobile_app_trx_avg3	0.000901872944898487	0.00184202252321339	0.00270552313222278
cmobile_app_trx_lag1	0.000899992142436066	0.00440006442121866	0.00249294631469099
tcallcenter_avg3	0.000883351333950727	0.00100900062416092	0.00160398871410351
Visa_cconsumos_avg3	0.000874102703675556	0.00137320752818996	0.00249294631469099
mtransferencias_emitidas_rank	0.00086913325359059	0.00435858239327034	0.00262822247130213
Visa_mfinanciacion_limite_rank	0.000861368154196451	0.00120675604930128	0.0024349708190005
mcomisiones_rank_delta1	0.000860642444001724	0.0013732456071309	0.00286012445406408
ctarjeta_master_avg3	0.000859516024098108	1.86630042450729e-05	5.79754956904882e-05
mcaja_ahorro_dolares_rank_delta2	0.000854597237499333	0.00198570572120775	0.00150736288795269
ccallcenter_transacciones_avg3	0.000853860714289656	0.00358793799166112	0.00260889730607197
Visa_msaldopesos_rank	0.000848806729024746	0.00181154819131957	0.00166196420979399
Visa_msaldototal_rank	0.0008476689967184	0.000802518745941882	0.00158466354887334
mcuenta_debitos_automaticos_rank_delta2	0.000838856858111232	0.00345635070899685	0.00139141189657172
Visa_Fvencimiento_avg3	0.000837930570301822	0.00124470114626134	0.00257024697561164
vmr_msaldopesos2	0.000830059629095345	0.00166105506382469	0.00241564565377034
Master_mlimitecompra_rank	0.000830032278136241	0.00140362867183829	0.00253159664515132
Master_mfinanciacion_limite_rank	0.000829999444543157	0.00139977151966432	0.00260889730607197
cliente_antiguedad_lag1	0.000826798025974095	0.00187618138566014	0.00266687280176246
vm_Fvencimiento_avg3	0.000825591420691099	0.00102326594741206	0.00268619796699262
ccomisiones_otras	0.0008201466506706	0.00126411105670584	0.00233834499284969
Visa_mfinanciacion_limite_rank_lag2	0.000816278265610275	0.00113247757275773	0.0025895721408418
vm_mlimitecompra_rank_delta1	0.000811235200314868	0.00358105085623447	0.00315000193251652
Visa_mlimitecompra_rank_lag2	0.000810557906285702	0.00139252259063019	0.00251227147992115
mcaja_ahorro_rank_delta2	0.000807228354367418	0.00191133008222887	0.00266687280176246
mpayroll_sobre_edad_rank_delta2	0.000794890639953943	0.00200162651768273	0.000946933096277973
mcomisiones_otras_rank_delta1	0.000787276731421359	0.00141162983463011	0.00268619796699262
mcomisiones_mantenimiento_rank_delta2	0.000786619820266022	0.00179190530937284	0.0019711668534766
mcaja_ahorro_rank_tend3	0.000785351633382283	0.00200422234860644	0.00245429598423067
Visa_fechaalta_lag1	0.00078318101811653	0.00105744398033481	0.00150736288795269
chomebanking_transacciones_delta2	0.000777411021268871	0.00126875529010868	0.00222239400146871
Master_mfinanciacion_limite_rank_lag2	0.000777239914619714	0.00189840424686135	0.00251227147992115
Master_fultimo_cierre_avg3	0.000776587565338871	0.00112546231392198	0.00226104433192904
cmobile_app_trx_lag2	0.000775497490625631	0.00151057219842972	0.00231901982761953
mcuenta_corriente_rank_delta1	0.000774162708752323	0.00407045044462831	0.00287944961929425
Visa_fultimo_cierre_avg3	0.00076438381282245	0.00241027154579342	0.00245429598423067
vm_Fvencimiento_lag2	0.000761353110836857	0.0009305363462352	0.00220306883623855
vmr_mpagominimo	0.000759362469859444	0.00173126302385316	0.0018165655316353
ctransferencias_emitidas_avg3	0.000747612971319644	0.00170652114463778	0.00173926487071464
Visa_fechaalta_avg3	0.000746848309946475	0.0010300929949686	0.00179724036640513
vm_mpagominimo_rank_lag2	0.000738026608593064	0.00155461761159862	0.00146871255749237
ccaja_seguridad_avg3	0.0007315982841997	0.000639923938873557	0.00021257681753179
Visa_msaldopesos_rank_delta1	0.000720914356464829	0.00144809513678309	0.00200981718393692
mcomisiones_rank_tend3	0.000719712968488726	0.00174803251782498	0.00255092181038148
vm_mpagominimo_rank_lag1	0.000718609865020185	0.0011292541380046	0.000946933096277973
mcaja_ahorro_dolares_rank_lag2	0.000717651961314882	0.00166374107022208	0.00237699532331001
mcaja_ahorro_dolares_rank_delta1	0.00071720232812026	0.00298060045584847	0.00156533838364318
Master_fechaalta_avg3	0.000716138514326141	0.00150654565610447	0.00229969466238936
vm_cconsumos_delta2	0.000716065713555268	0.00153039975450633	0.000966258261508136
vm_mfinanciacion_limite_rank_delta1	0.000715305661744936	0.00142261076188781	0.00276349862791327
Master_fechaalta_lag1	0.000712760165912523	0.00108554008149153	0.00216441850577822
Visa_mpagominimo_rank_delta2	0.000706887403938239	0.000855998260398168	0.00229969466238936
mttarjeta_visa_debitos_automaticos_rank_lag1	0.000705405682336525	0.00119601075732492	0.00202914234916709
ctrx_quarter_normalizado_tend3	0.000699189846865862	0.000439325257030369	0.000773006609206509
vm_Finiciomora_avg3	0.000696264324880628	0.00142108677454835	0.000502454295984231
cliente_antiguedad_avg3	0.000692570190819327	0.00215674278668999	0.00239632048854018
Master_status	0.000691235702952113	0.00100520050306134	0.000289877478452441
mplazo_fijo_dolares_rank	0.000682178877731529	0.00283529038750449	0.000773006609206509
Visa_mlimitecompra_rank_lag1	0.00068078241102581	0.000975717184339291	0.00218374367100839
ccomisiones_mantenimiento_lag2	0.000676094704765463	0.000393202838508119	0.000734356278746183
Visa_mpagominimo_rank_lag2	0.000668591337070753	0.00132437910309262	0.00206779267962741
vmr_msaldopesos2_avg3	0.000668334366043009	0.000920699795957288	0.00202914234916709
Master_mlimitecompra_rank_lag2	0.00066740785407659	0.00138994955466883	0.00235767015807985
ctarjeta_debito_transacciones_avg3	0.000664392319718418	0.00197727678168946	0.00224171916669888
Visa_Fvencimiento_lag1	0.000660713429205491	0.000936398669063144	0.0021257681753179
cproductos_avg3	0.000659129211003936	0.00188866804682001	0.00189386619255595
vmr_mpagominimo_lag2	0.000656559945880446	0.00172008301185719	0.00168128937502416
ctrx_quarter_lag2	0.00065395743450219	0.00102642318070363	0.00175859003594481
Master_fultimo_cierre	0.000653662995181597	0.000824874446751296	0.00171993970548448
Visa_fultimo_cierre	0.000652659433785225	0.000757843021495932	0.00187454102732578
vm_status06_avg3	0.000647600180842999	1.23472712751314e-05	1.93251652301627e-05
Visa_mpagospesos_rank_delta1	0.000637209805454255	0.00244008831725979	0.00241564565377034
mcomisiones_mantenimiento_rank_lag1	0.000634313839365168	0.00252729014006579	0.00202914234916709
ccomisiones_otras_lag1	0.00063003741841223	0.00135879560974988	0.00199049201870676
Visa_mconsumospesos_rank	0.000629599590331392	0.000934751361850724	0.00183589069686546
vmr_mpagado_avg3	0.000619723765059189	0.00113042157195781	0.00199049201870676
ctarjeta_visa	0.000613801143321656	0.000315960580173431	0.000154601321841302
vm_fultimo_cierre_avg3	0.000613740831653385	0.00168631834505254	0.0019711668534766
vm_status02	0.000601267627433682	0.000178778356969523	7.73006609206509e-05
ctarjeta_visa_debitos_automaticos_avg3	0.000590272353557692	0.00233880807242655	0.0018165655316353
mtransferencias_recibidas_rank_delta1	0.000587347971040557	0.00243994320680021	0.00220306883623855
vmr_mpagospesos_lag1	0.00058602357241812	0.00124183754003273	0.00150736288795269
cpayroll_trx_lag2	0.000584653488243485	0.000653487945849976	0.000289877478452441
ctarjeta_debito_avg3	0.000582393750615504	0.000793621636325125	0.00160398871410351
Visa_mpagominimo_rank_lag1	0.000581621193383998	0.00112277045594421	0.00189386619255595
vm_Fvencimiento_tend3	0.000579619085069141	0.000100333205851298	0.000270552313222278
Master_mpagominimo_rank	0.000576035066583373	0.00136763232581696	0.00100490859196846
Visa_msaldototal_rank_delta1	0.000572264599085942	0.0012306035974266	0.00173926487071464
mpayroll_rank_delta1	0.000568866032644117	0.00261426488661844	0.00106288408765895
ccaja_seguridad_lag2	0.000568586101323278	0.000114846915588783	7.73006609206509e-05
Visa_mpagominimo_rank_delta1	0.000567089243204497	0.00114136913647368	0.00170061454025432
vm_mpagospesos_rank_delta2	0.000565621790546635	0.00138513566910365	0.00173926487071464
Visa_mconsumototal_rank_delta2	0.000564767267414068	0.000917323521418267	0.00171993970548448
ctarjeta_visa_debitos_automaticos_tend3	0.000563053844044484	0.00120084669548779	0.000579754956904882
vmr_msaldopesos2_lag2	0.000562036110041847	0.000684223022418541	0.0018165655316353
Visa_mconsumosdolares_rank_lag2	0.000561044075123219	0.00152111770697165	0.00177791520117497
Visa_mconsumospesos_rank_lag2	0.0005532850633532	0.000766589736763363	0.00185521586209562
mautoservicio_rank_avg3	0.00055057598349694	0.00113275076295789	0.00193251652301627
vmr_msaldopesos2_lag1	0.000549604291448928	0.00207555254568	0.00206779267962741
Visa_mconsumospesos_rank_lag1	0.000542795908920647	0.000863409461616414	0.00168128937502416
ctrx_quarter_normalizado_lag2	0.000532655224306131	0.00137949788975544	0.00175859003594481
ctarjeta_visa_transacciones_avg3	0.000531474596752877	0.000807461933965939	0.00139141189657172
ctrx_quarter_tend3	0.00053012648093363	0.00117995253604816	0.00148803772272253
Visa_cconsumos_lag2	0.000526608394527573	0.000899879436299994	0.00177791520117497
ctransferencias_recibidas_lag2	0.00052580444082946	0.000783062808887564	0.00168128937502416
cprestamos_personales_avg3	0.000524038427323487	0.00179238609967077	0.00112085958334944
vmr_mpagominimo_tend3	0.000522880735857793	0.00123729671366218	0.00108220925288911
Visa_delinquency	0.000521976325804188	0.00010233274326745	0.000115950991380976
mautoservicio_rank_lag2	0.000518272009736654	0.00087779924012179	0.00162331387933367
vm_mfinanciacion_limite_rank	0.000515018567959327	0.000868740950033676	0.00141073706180188
Master_mfinanciacion_limite_rank_lag1	0.000510267399033796	0.000765004133155936	0.00156533838364318
Visa_mpagospesos_rank_lag2	0.000507856026281869	0.0011519759119355	0.00173926487071464
Master_mlimitecompra_rank_lag1	0.00050474645722619	0.00101030094139084	0.00164263904456383
vmr_mpagominimo_lag1	0.000494686345114396	0.000848773130702127	0.00121748540950025
mcaja_ahorro_dolares_rank_tend3	0.000485816800388005	0.0021443424581749	0.00125613573996058
vmr_mpagospesos_avg3	0.000484626000464966	0.00109106541442582	0.00139141189657172
vm_fechaalta_lag1	0.00048343881753291	0.000748615384925041	0.00150736288795269
Visa_msaldopesos_rank_delta2	0.000479914089665773	0.000586232195457422	0.00131411123565107
Visa_msaldototal_rank_lag2	0.000478042295315339	0.000834879033456677	0.00141073706180188
Visa_mpagospesos_rank_lag1	0.000476262503493473	0.0010938288450919	0.00164263904456383
mcaja_ahorro_dolares_rank_lag1	0.000475764864412535	0.00160284533266887	0.00185521586209562
Visa_msaldototal_rank_delta2	0.000475206034212603	0.00108395609361898	0.0014493873922622
vm_fultimo_cierre	0.000473342186590908	0.000670666220746315	0.00156533838364318
Visa_fultimo_cierre_lag2	0.000466055071607065	0.000639505507208275	0.00158466354887334
Visa_msaldototal_rank_lag1	0.000464164771595915	0.000722099254137923	0.00117883507903993
vm_fechaalta_avg3	0.000463400986523304	0.000574290953990659	0.00121748540950025
ccaja_ahorro_avg3	0.000461149056786794	0.00176407126294617	0.00108220925288911
ccheques_depositados_avg3	0.0004590288665457	0.00225958108030069	0.000676380783055695
ctransferencias_recibidas_lag1	0.000454601504485782	0.00109186729927967	0.00135276156611139
ccajas_transacciones_avg3	0.000448851038342845	0.000649098692878526	0.0011401847485796
vmr_mconsumospesos	0.00044215758764535	0.000662628856759496	0.00135276156611139
cprestamos_personales_lag2	0.000440950959498893	0.00320322867839796	0.0012947860704209
mttarjeta_visa_debitos_automaticos_rank	0.000440637514694214	0.00195302045263962	0.00148803772272253
vmr_mconsumospesos_lag1	0.000436807836293171	0.00133450399654376	0.00135276156611139
Visa_mconsumosdolares_rank	0.000433930787855038	0.0010214549706232	0.00117883507903993
mtransferencias_emitidas_rank_lag1	0.00043206292913495	0.0029996617605756	0.00171993970548448
Visa_Finiciomora_delta1	0.000430261204712023	0.000297916096707636	7.73006609206509e-05
vm_mconsumospesos_rank	0.000427452402929903	0.00205973349683392	0.00139141189657172
ccomisiones_otras_lag2	0.000426440248978607	0.000847121849655274	0.00154601321841302
vmr_mpagospesos_lag2	0.000425763019022605	0.00196189315155914	0.00164263904456383
ccajas_extracciones_avg3	0.000425762632443891	0.00234374291976515	0.00112085958334944
vm_msaldototal_rank_delta2	0.000422942706439268	0.00123709684289074	0.00123681057473041
vm_mpagospesos_rank_lag2	0.000422707946490426	0.000805957422782059	0.0011401847485796
vmr_Visa_mlimitecompra_lag2	0.000421652916042373	0.000829299944586259	0.00141073706180188
vm_msaldototal_rank_delta1	0.000415126469924727	0.00223645707572181	0.00154601321841302
vmr_mconsumospesos_lag2	0.00041388213042247	0.000666215657186465	0.00123681057473041
mtransferencias_emitidas_rank_lag2	0.000410042008888327	0.00222413648590645	0.00164263904456383
mcaja_ahorro_dolares_rank_avg3	0.000409473066560346	0.000584064315934229	0.00141073706180188
vm_msaldopesos_rank_delta2	0.000406421527542259	0.00100633287120081	0.00115950991380976
Master_Finiciomora	0.000403990182012484	0.000489550812444865	0.000135276156611139
mprestamos_prendarios_rank_lag2	0.000403674792347574	0.00404291399909904	0.000966258261508136
Visa_cconsumos_lag1	0.000403364797508278	0.000728818003789026	0.00133343640088123
ctarjeta_visa_transacciones_tend3	0.000402864130683102	0.00119542704034832	0.000715031113516021
ccomisiones_otras_tend3	0.00040215975413246	0.00173645826651842	0.00123681057473041
Visa_cconsumos	0.000400995010438411	0.000459980113033789	0.00119816024427009
mextraccion_autoservicio_rank_lag2	0.000400717198752513	0.00217404455613334	0.00148803772272253
Master_msaldototal_rank	0.000399261241164857	0.00211895943789193	0.000966258261508136
ccallcenter_transacciones_tend3	0.00039305334113762	0.000180234046758935	0.000115950991380976
Visa_fultimo_cierre_lag1	0.00038533136032743	0.000587179933135527	0.00119816024427009
mextraccion_autoservicio_rank_delta2	0.000383239868067793	0.00248445740142672	0.00119816024427009
vm_Finiciomora_tend3	0.000382832115313577	0.0011122501441327	0.000328527808912766
vm_cconsumos_lag2	0.000381746113158519	0.000997143881261501	0.00110153441811927
vm_cconsumos_lag1	0.00038105512169771	0.00138852176905748	0.00108220925288911
vm_cconsumos_avg3	0.000380862901257241	0.000937919817949432	0.000966258261508136
ctrx_quarter_normalizado_avg3	0.000380802788980533	0.000725707364797898	0.00100490859196846
ctarjeta_debito_transacciones_delta1	0.000377673266285743	0.00386191387566467	0.00158466354887334
chomebanking_transacciones_tend3	0.000377563096345102	0.00143891671462326	0.00127546090519074
Master_mpagospesos_rank_lag2	0.000376921233507172	0.00352330864014946	0.00156533838364318
vmr_Visa_mlimitecompra_avg3	0.000376480238490379	0.000798439015371133	0.00131411123565107
ccajas_consultas_avg3	0.000375220417374465	0.00279610680792504	0.0012947860704209
ctarjeta_visa_transacciones_lag1	0.000372399872352553	0.000808501593858135	0.00112085958334944
Visa_status_tend3	0.000370998602655954	0.00124314156908602	0.000521779461214393
vmr_mconsumosdolares_avg3	0.000369687036933142	0.00201185940335973	0.00146871255749237
vmr_mpagospesos	0.000369042660501455	0.0009770821746329	0.00106288408765895
vmr_msaldopesos	0.000368907580959613	0.00103987487227167	0.000792331774436671
cpagomiscuentas_avg3	0.000368286235164795	0.00162581483805845	0.00139141189657172
vm_fultimo_cierre_lag1	0.000365841402333237	0.000431378330528292	0.00119816024427009
ctransferencias_recibidas	0.000363220445571186	0.0016792678020605	0.00123681057473041
ctrx_quarter_normalizado_lag1	0.000362326257307026	0.000760875188174128	0.00108220925288911
vmr_Master_mlimitecompra	0.000358310029792386	0.00142299085260109	0.00133343640088123
Master_msaldopesos_rank	0.000357029572521468	0.000631729630260875	0.000715031113516021
vm_mlimitecompra_rank	0.000354262468688131	0.000767815904862866	0.00102423375719862
vmr_mpagominimo_delta1	0.000353510520221046	0.00122726413544173	0.00119816024427009
vm_fultimo_cierre_lag2	0.00035200898228481	0.000417742750863562	0.00115950991380976
mtarjeta_visa_consumo_rank_delta2	0.000351870877633773	0.000699992114488891	0.000966258261508136
Master_fultimo_cierre_lag2	0.000350103183621374	0.000713259524943645	0.00115950991380976
ctarjeta_visa_debitos_automaticos_lag2	0.000347663440584378	0.00121224387098526	0.00121748540950025
mttarjeta_visa_debitos_automaticos_rank_delta1	0.000344785726667121	0.000891665171178125	0.00121748540950025
mtransferencias_emitidas_rank_delta2	0.00034307676121845	0.00201414034065598	0.000966258261508136
Visa_mconsumospesos_rank_delta2	0.000342292094258169	0.000567911028310639	0.00119816024427009
vmr_msaldopesos2_delta1	0.000342029253898857	0.00119429157174462	0.00121748540950025
vm_mpagominimo_rank_delta2	0.000340695251097584	0.000987550171569127	0.00119816024427009
vm_msaldopesos_rank_delta1	0.000338684332504856	0.00135220707959637	0.00106288408765895
vm_mlimitecompra_rank_lag2	0.000338600785062569	0.00043501932357649	0.00115950991380976
vm_status05_delta1	0.000336725712987655	0.00233529205865471	0.000676380783055695
vmr_Master_mlimitecompra_avg3	0.000334141540798959	0.000459265041178332	0.000985583426738298
matm_rank_delta2	0.00033305077351196	0.000761596635632082	0.000579754956904882
ctarjeta_visa_transacciones_lag2	0.000332318202988893	0.000911409626079709	0.00106288408765895
ctarjeta_debito_transacciones_lag1	0.000332219238764959	0.00141148699493306	0.0011401847485796
ccajas_consultas_delta1	0.000331976059192327	0.00131035640208447	0.000463803965523905
ctrx_quarter_lag1	0.00032849184525779	0.000865851011693386	0.00108220925288911
Visa_Finiciomora_avg3	0.000327857290604057	0.00167593576372237	0.000444478800293743
tcallcenter_delta2	0.000327788109656716	0.000353735326274976	0.000173926487071464
ctarjeta_visa_debitos_automaticos	0.000321355663981012	0.000661447448883006	0.000908282765817648
vm_fechaalta_delta2	0.000320902985537934	0.000205981611765532	0.000270552313222278
Master_mpagominimo_rank_delta2	0.000318687966792477	0.0031440080212297	0.0012947860704209
Visa_msaldopesos_rank_lag1	0.000316101255516474	0.000388202401067115	0.000888957600587485
cmobile_app_trx_delta2	0.000312717741968709	0.000466464886806935	0.00085030727012716
ccallcenter_transacciones_delta1	0.000310633102466614	0.00108663760215982	0.000386503304603254
Visa_cconsumos_tend3	0.00030945028286942	0.000364219655234039	0.00085030727012716
cextraccion_autoservicio_avg3	0.000308596265942888	0.000721634970536872	0.00108220925288911
mautoservicio_rank_delta1	0.00030857252491383	0.00134537103632672	0.00104355892242879
Master_fultimo_cierre_lag1	0.000308238762809271	0.000338977727907706	0.000946933096277973
vmr_mpagospesos_delta1	0.000307751027950459	0.00237156652941787	0.00119816024427009
vmr_msaldopesos2_tend3	0.000307621659271047	0.000933265060435621	0.00106288408765895
vmr_mpagospesos_delta2	0.000306755135783823	0.00099865673313084	0.00106288408765895
ctarjeta_visa_debitos_automaticos_lag1	0.000304961586268853	0.000970298489907046	0.000946933096277973
vmr_mconsumospesos_avg3	0.000303984083793476	0.000718942501199964	0.00108220925288911
cprestamos_personales_delta1	0.000302116547705242	0.000883947548023407	0.00021257681753179
mtransferencias_emitidas_rank_delta1	0.000300932813886637	0.00275257869192864	0.00112085958334944
ccomisiones_otras_delta1	0.000300419750707315	0.000319327815330828	0.00092760793104781
mcuenta_debitos_automaticos_rank_lag2	0.000298800423512982	0.00225558222381094	0.00121748540950025
vm_mfinanciacion_limite_rank_lag2	0.000298264263404643	0.000448512718571823	0.000966258261508136
vmr_msaldototal_avg3	0.000296860964050925	0.000708886210978439	0.000811656939666834
ccuenta_debitos_automaticos_avg3	0.000295993576437835	0.000503858319476917	0.000888957600587485
vmr_Visa_mlimitecompra	0.000295210324060046	0.000366724655656414	0.000869632435357322
vmr_Master_mlimitecompra_lag2	0.000293915248300811	0.000521777474318274	0.000966258261508136
mautoservicio_rank_lag1	0.000293316329916023	0.000531383935215643	0.00085030727012716
vm_mlimitecompra_rank_lag1	0.000293275077656121	0.000510863447218284	0.000908282765817648
vmr_msaldopesos2_delta2	0.000293259379216026	0.000502461014485718	0.000985583426738298
vmr_msaldopesos_delta1	0.000293024329214274	0.00142579437095958	0.00102423375719862
mtarjeta_visa_consumo_rank_delta1	0.000292342114563311	0.000691367583713158	0.000985583426738298
vm_cconsumos_delta1	0.000290449976921359	0.00114712835794891	0.00063773045259537
vm_msaldototal_rank_lag1	0.000285782162802566	0.000898819950904142	0.000560429791674719
mcuenta_debitos_automaticos_rank_lag1	0.000283527065425834	0.000707380651750313	0.000966258261508136
vmr_mconsumospesos_delta2	0.00028258480451855	0.00101604985709764	0.000985583426738298
Visa_mconsumototal_rank	0.000280087227209863	0.00047687139848072	0.000811656939666834
vm_mconsumospesos_rank_lag2	0.000279851865757857	0.000652527544303896	0.00085030727012716
vm_status01_delta2	0.000279781129619725	0.00155748562834676	0.000405828469833417
vm_fultimo_cierre_tend3	0.000279702166598394	0.000233028402289292	0.000463803965523905
ccajas_depositos	0.000278461754697826	0.00207443043964044	0.000579754956904882
vm_fechaalta_tend3	0.000278126430393856	0.000176008288689888	0.000309202643682604
vm_cconsumos_tend3	0.00027791118260537	0.000419389010031736	0.000444478800293743
Master_fechaalta_tend3	0.000277630802881356	0.000114028262026998	0.000193251652301627
vm_mfinanciacion_limite_rank_lag1	0.000276729558327309	0.000325924729838314	0.000830982104896997
ctransferencias_recibidas_tend3	0.000273018111277301	0.000986201600635374	0.00085030727012716
vmr_mpagospesos_tend3	0.000270943719835838	0.000678175588775618	0.000946933096277973
vm_mconsumototal_rank_delta2	0.000269172303557019	0.000758935170937456	0.000946933096277973
vmr_Master_mlimitecompra_lag1	0.000268304088421394	0.00129552740570293	0.00106288408765895
vmr_msaldopesos_lag2	0.000267381743746562	0.00089121390079313	0.00085030727012716
Master_mpagospesos_rank	0.000266606097570447	0.00137443832515155	0.000811656939666834
vmr_msaldopesos_avg3	0.000264501152343842	0.000523052070795652	0.000734356278746183
Master_mpagominimo_rank_lag2	0.000263979847501301	0.00101119728123237	0.000946933096277973
vm_mpagospesos_rank_delta1	0.000263789239984831	0.000691130245359912	0.000908282765817648
mtarjeta_visa_consumo_rank_tend3	0.000263126677513105	0.00047081776390934	0.000676380783055695
vm_msaldototal_rank_lag2	0.000262946658802469	0.00106565562534606	0.000773006609206509
vmr_mconsumosdolares	0.000261207860070509	0.00158991849292561	0.000773006609206509
vmr_Visa_mlimitecompra_lag1	0.000260250953966922	0.000399221843950865	0.000869632435357322
catm_trx_avg3	0.000260229218701591	0.000462694285620294	0.000830982104896997
vmr_msaldototal_lag1	0.000258615741858589	0.000538434390870657	0.000676380783055695
vm_status05_delta2	0.000258413902756452	0.000249475360644359	0.000154601321841302
mtarjeta_visa_consumo_rank_avg3	0.000256975955344447	0.00111440505410835	0.000946933096277973
cdescubierto_preacordado_lag1	0.000254120442591865	0.000329936293864551	0.000386503304603254
Visa_cconsumos_delta1	0.000253100048582151	0.000754934524038783	0.000869632435357322
mautoservicio_rank_delta2	0.000252549541372068	0.000798264122987554	0.000811656939666834
vmr_mconsumospesos_delta1	0.000250970067747753	0.00123735610283613	0.00102423375719862
mpayroll_rank_lag1	0.000249216158718305	0.00214833821420043	0.000966258261508136
mpagomiscuentas_rank_lag2	0.000248024333354211	0.000499234522936878	0.000869632435357322
ctransferencias_recibidas_delta2	0.000246524011738207	0.000431557196746304	0.000792331774436671
ccajas_consultas	0.000242765741034955	0.00182609548214144	0.00063773045259537
vmr_msaldototal	0.000242052275426765	0.000411641779627064	0.000715031113516021
cproductos_lag1	0.00024192322498334	0.000487674769575719	0.000811656939666834
Visa_cconsumos_delta2	0.000241486720080683	0.000962312873104882	0.000734356278746183
Visa_mconsumosdolares_rank_lag1	0.000240674345598307	0.000749907536143542	0.00085030727012716
Visa_mconsumototal_rank_lag2	0.000239421438598805	0.000482776996802329	0.00085030727012716
vmr_msaldopesos_lag1	0.000239103560937704	0.00073260113783811	0.000579754956904882
Master_mpagospesos_rank_delta2	0.000238740361241535	0.00298934193089467	0.0011401847485796
Visa_msaldopesos_rank_lag2	0.000237374693835689	0.000422418119914215	0.000773006609206509
ccuenta_debitos_automaticos_lag2	0.000236597720905262	0.000571220883045559	0.000695705948285858
vmr_msaldototal_delta1	0.000235363127319444	0.00161973124688904	0.000985583426738298
vmr_msaldodolares2_avg3	0.000233054068829282	0.00187055775490925	0.00102423375719862
vm_cconsumos	0.000229803868987587	0.00113126830437169	0.000811656939666834
mpayroll_sobre_edad_rank_lag2	0.000229556302172557	0.000808677665291491	0.000657055617825532
ccomisiones_otras_delta2	0.000228565132895441	0.000258273080731771	0.000811656939666834
Visa_mconsumospesos_rank_delta1	0.000226360475433283	0.000429928273976702	0.000811656939666834
cseguro_accidentes_personales_avg3	0.000221372348387786	0.000993577954382435	0.000676380783055695
ccajas_consultas_delta2	0.000220184070565434	0.00076695808064738	0.000270552313222278
mpagomiscuentas_rank_lag1	0.000219586339297465	0.00143805024404274	0.00085030727012716
mtarjeta_visa_consumo_rank_lag2	0.00021918690480104	0.00171113520310003	0.000985583426738298
Master_cconsumos_avg3	0.000215337121770912	0.000778686831143233	0.000657055617825532
thomebanking_delta2	0.000215188259168419	0.000702259383541428	0.000367178139373092
vmr_msaldototal_lag2	0.000213527710383714	0.00052191782491024	0.000734356278746183
cforex_buy_avg3	0.000210121039756616	0.00220692738104187	0.000695705948285858
Master_mconsumospesos_rank_lag2	0.000206888647816311	0.00053364784179289	0.000560429791674719
vmr_mpagosdolares_avg3	0.000206483065129391	0.00211920354486426	0.00102423375719862
Visa_mconsumototal_rank_lag1	0.000206202507054538	0.000264118591183266	0.000657055617825532
Master_msaldototal_rank_delta2	0.000206045681944939	0.000769930508803545	0.00063773045259537
mtarjeta_visa_consumo_rank_lag1	0.00020408383103228	0.000898059114449936	0.000753681443976346
mcomisiones_mantenimiento_rank_delta1	0.000203981767674206	0.00054560384321612	0.00063773045259537
ctarjeta_debito_transacciones	0.000203537908775641	0.000673922101202557	0.000695705948285858
vm_msaldopesos_rank_lag2	0.000203451013956453	0.000445081421709879	0.000657055617825532
vm_fultimo_cierre_delta2	0.000203203345232103	0.000213608666429978	0.000521779461214393
Master_mpagospesos_rank_lag1	0.00020304087280821	0.000608995934826676	0.000695705948285858
ctarjeta_visa_debitos_automaticos_delta2	0.000200932745598165	0.000669655207396848	0.000483129130754068
Visa_mconsumototal_rank_delta1	0.000200688322449476	0.000195394312459284	0.000695705948285858
vmr_msaldopesos_delta2	0.000200059019061017	0.000652494487241632	0.000676380783055695
ctarjeta_debito_transacciones_lag2	0.000198377778533405	0.000236622015003861	0.000618405287365207
cproductos_lag2	0.000198168239749321	0.000477006290508903	0.000676380783055695
vm_mconsumototal_rank	0.000195209037232357	0.000386692824336045	0.000483129130754068
vm_mconsumospesos_rank_delta2	0.000194256579622096	0.00049254712727614	0.000657055617825532
cmobile_app_trx_delta1	0.000193415713551328	0.00174459331696268	0.000830982104896997
cmobile_app_trx_tend3	0.000192291403576764	0.0011444069363897	0.000811656939666834
cpagomiscuentas	0.000189489278931738	0.000454324735275952	0.000463803965523905
cprestamos_personales_lag1	0.00018679491330866	0.000457547951686522	0.000347852974142929
vm_mconsumototal_rank_delta1	0.00018638346834337	0.000534995233676866	0.000618405287365207
vm_mpagominimo_rank_delta1	0.000186324087499264	0.000404954034618244	0.000715031113516021
mautoservicio_rank_tend3	0.000184135901287913	0.000569425714257409	0.000560429791674719
Master_msaldototal_rank_delta1	0.000183099099555716	0.000788228487971381	0.000521779461214393
ctarjeta_debito_transacciones_tend3	0.000180499926876645	0.00109642004715352	0.000560429791674719
mpayroll_sobre_edad_rank_lag1	0.000178912976742965	0.000874191347804367	0.000560429791674719
ctarjeta_debito_lag2	0.000178721959919294	0.000242643553220202	0.000618405287365207
tcallcenter	0.000178449426364225	0.000152923367427694	0.000154601321841302
vm_Fvencimiento_delta2	0.00017624261221802	0.00010476202249304	0.000231901982761953
mpayroll_sobre_edad_rank_delta1	0.000175964186507547	0.00156064277430132	0.000676380783055695
mextraccion_autoservicio_rank_lag1	0.000175962575485534	0.00153373764442483	0.000792331774436671
ctransferencias_emitidas_delta2	0.000175027025201014	0.000471466634303247	0.000347852974142929
cseguro_accidentes_personales_lag2	0.000174899765200308	0.000513585611142167	0.000328527808912766
catm_trx_other_avg3	0.000174761262400141	0.000303588854532556	0.000483129130754068
vmr_mconsumosdolares_lag2	0.000174333504098438	0.000675191806806786	0.000541104626444556
vm_mconsumospesos_rank_delta1	0.000173814844958452	0.00083713883519396	0.000695705948285858
ccomisiones_mantenimiento	0.000173773296384935	0.000163701192444193	0.000328527808912766
vm_status01_tend3	0.000171682139489068	0.000470198151417305	0.000193251652301627
ctarjeta_debito	0.00017095787864009	0.000303313087890283	0.000463803965523905
ctarjeta_master_transacciones_delta1	0.000170762050134105	0.00128555644375044	0.000386503304603254
ccaja_ahorro_lag2	0.00016904036532857	0.00120394436493137	0.000405828469833417
mextraccion_autoservicio_rank	0.000167341868687956	0.000733554290411486	0.00063773045259537
vm_status06_delta1	0.00016593185118185	0.000402236193876877	0.000154601321841302
Visa_fechaalta_delta2	0.000164839076846106	8.20891136251195e-05	9.66258261508136e-05
Master_mpagominimo_rank_lag1	0.000163764695193287	0.000699080490668768	0.000521779461214393
Visa_mpagado_rank	0.00016249399622153	0.000871595735223209	0.000502454295984231
Master_msaldopesos_rank_delta1	0.000161999240135749	0.000725387623965797	0.000541104626444556
ctarjeta_master_transacciones_avg3	0.00015594101792016	0.00123437974451404	0.000657055617825532
Master_msaldopesos_rank_lag1	0.000155636595454917	0.000916749062165838	0.000560429791674719
vm_status02_tend3	0.000154127158212994	0.000685258446465242	0.000270552313222278
vmr_mconsumospesos_tend3	0.000153048857675922	0.000814190159683767	0.000579754956904882
Visa_mconsumosdolares_rank_delta1	0.000152501254821813	0.00171164747839385	0.000773006609206509
vmr_msaldopesos_tend3	0.000150244296788296	0.000609215674770289	0.000579754956904882
vm_msaldopesos_rank_lag1	0.000150088281290862	0.000478950761933621	0.000386503304603254
vmr_mconsumototal_lag2	0.000149802414019403	0.000197764857538578	0.00042515363506358
vmr_mconsumototal	0.000149695039443863	0.000220540955096236	0.000444478800293743
Master_msaldototal_rank_lag2	0.000148882670825945	0.000303264048153265	0.000483129130754068
matm_other_rank	0.000148590304546581	0.00158646509979747	0.000560429791674719
Master_mconsumototal_rank_lag2	0.000147521758425449	0.000603343133510945	0.000444478800293743
Visa_mpagado_rank_delta2	0.000146275224031013	0.000814032909378332	0.000483129130754068
vm_mconsumosdolares_rank_lag2	0.000146157431325567	0.00062865178632095	0.000502454295984231
vmr_mconsumosdolares_lag1	0.000145762140880835	0.000697193967357161	0.000541104626444556
vm_mconsumospesos_rank_lag1	0.000144425814189125	0.000324874240155574	0.000502454295984231
Master_msaldopesos_rank_lag2	0.000144351641954261	0.0003236511725203	0.000463803965523905
ctarjeta_master_delta1	0.000142913449314804	0.000106218192636066	3.86503304603254e-05
Master_cconsumos_lag2	0.000142622603911228	0.000487910666868127	0.000444478800293743
matm_other_rank_lag2	0.000142590141760217	0.000649344415585742	0.000386503304603254
Master_cconsumos	0.000142542704082399	0.000860236158313068	0.000463803965523905
matm_rank_lag2	0.000141484479089872	0.000554793837531169	0.000483129130754068
vmr_msaldototal_delta2	0.000140673027150096	0.00118874754868794	0.00063773045259537
thomebanking_lag2	0.000139884364968551	0.000171606546524505	0.000483129130754068
cextraccion_autoservicio_lag2	0.000139864937129588	0.000162492491748793	0.00042515363506358
ctarjeta_debito_delta2	0.000139585537007764	0.00127836629253112	0.000328527808912766
cdescubierto_preacordado_lag2	0.000139282319738115	0.000219434569720368	0.000270552313222278
ccallcenter_transacciones	0.00013870858018465	0.000669376558632898	0.000347852974142929
cseguro_vida_avg3	0.00013842683483448	0.000504070941453358	0.000367178139373092
Visa_status_delta2	0.000137855539967394	0.00161563736772097	0.000444478800293743
mprestamos_prendarios_rank_lag1	0.000135339807109885	0.000647819118190979	0.000154601321841302
mpagomiscuentas_rank_delta2	0.000134570811704331	0.00157938813735673	0.000676380783055695
vmr_mpagado	0.000132150122528244	0.000785752090423224	0.000405828469833417
Master_mpagospesos_rank_delta1	0.000131916018685423	0.00263445772978335	0.000869632435357322
mtarjeta_master_consumo_rank_lag1	0.000130836662783709	0.00192012037866954	0.000599080122135044
ctarjeta_debito_transacciones_delta2	0.000128034799071141	0.000527146211974785	0.000502454295984231
matm_other_rank_delta2	0.000127874594131904	0.00107743472563424	0.000444478800293743
ccheques_emitidos_lag2	0.000127719308680207	0.0042100733882075	0.00100490859196846
ctransferencias_emitidas	0.00012752778040425	0.000438119045440053	0.00042515363506358
Visa_fechaalta_tend3	0.000125711956470273	0.000109272499248963	0.000154601321841302
cforex_avg3	0.00012548147519809	0.00112281307641023	0.000502454295984231
cinversion1_avg3	0.000124388472227744	0.00145250548164499	0.000347852974142929
ctarjeta_master	0.000124034254780706	1.36337019187886e-05	5.79754956904882e-05
tcuentas_lag2	0.000123342445862039	0.00185434407373598	0.000463803965523905
Master_msaldototal_rank_lag1	0.000122657792295046	0.000533131024974	0.000386503304603254
Master_msaldopesos_rank_delta2	0.000122360299845632	0.000473083286221466	0.000405828469833417
Master_delinquency	0.00012194187966262	7.90193920281022e-05	3.86503304603254e-05
Master_mconsumospesos_rank_lag1	0.000121473076179772	0.000630891194863943	0.000405828469833417
mcuenta_debitos_automaticos_rank_delta1	0.000120263001436033	0.000483557047401047	0.000405828469833417
Master_fultimo_cierre_delta2	0.000119555416254332	0.000139368967523531	0.000367178139373092
ctransferencias_recibidas_delta1	0.000118631099100843	0.000213973909849766	0.000367178139373092
vmr_msaldototal_tend3	0.000118481112107455	0.00100277380027786	0.000579754956904882
Visa_mpagado_rank_lag2	0.00011802244549829	0.00149771121079993	0.000599080122135044
vm_mconsumosdolares_rank	0.000117059089045947	0.000742072095348151	0.000405828469833417
ccajas_otras_lag1	0.0001168537414131	0.00174310059627657	0.000541104626444556
vm_status03_delta1	0.00011669370479965	9.81782522071419e-05	3.86503304603254e-05
vmr_msaldodolares_avg3	0.000116428716424195	0.000845864545907958	0.000463803965523905
vm_fultimo_cierre_delta1	0.000116244628084611	0.000169841421671412	0.000367178139373092
ccajas_depositos_avg3	0.000115221226321327	0.000707503229258604	0.000328527808912766
cextraccion_autoservicio_delta1	0.00011497009353461	0.00251444098660227	0.000830982104896997
Visa_msaldodolares_rank_lag1	0.000114280251968153	0.000813602032187628	0.000386503304603254
cpayroll_trx_lag1	0.000113916742050095	0.000229084349779912	0.00021257681753179
Visa_delinquency_lag1	0.000112356353131434	7.43536300497064e-05	9.66258261508136e-05
vmr_mconsumototal_lag1	0.00011165742262135	0.000270775331549804	0.000405828469833417
Visa_Fvencimiento_delta2	0.000110748702706435	9.65471023435169e-05	0.000251227147992115
cpagomiscuentas_lag2	0.000109994930204779	0.000161095099420573	0.000367178139373092
ctarjeta_debito_lag1	0.000109684428208763	0.000148412104638587	0.000289877478452441
ccaja_ahorro_lag1	0.000109227657721431	0.0018063959184684	0.000560429791674719
mpagomiscuentas_rank_delta1	0.0001087017558969	0.00131646999352043	0.000541104626444556
Visa_Finiciomora_lag1	0.000107256068480466	0.000605332627169738	0.000193251652301627
mpayroll_rank_lag2	0.000106720985522653	0.000249571125687353	0.000347852974142929
tcuentas_avg3	0.000106694138676876	0.0039833268757927	0.000946933096277973
mtarjeta_master_consumo_rank_delta2	0.000106235723486524	0.00152174906629295	0.000502454295984231
vm_status02_avg3	0.000104710419597593	0.000168911981099105	9.66258261508136e-05
ctarjeta_visa_debitos_automaticos_delta1	0.000102858225406274	0.000769003251656751	0.000309202643682604
ccajas_transacciones_delta2	0.00010239066170149	0.000838564044363214	0.000347852974142929
ccuenta_debitos_automaticos	0.000101730465459208	0.000118498258073912	0.000270552313222278
matm_rank_lag1	9.94745398674369e-05	0.000734252287879432	0.00042515363506358
Master_mpagominimo_rank_delta1	9.86173026202458e-05	0.00101496111379992	0.000483129130754068
ccajas_extracciones	9.68279181184426e-05	0.00122121102489247	0.000444478800293743
tcallcenter_delta1	9.67661988218175e-05	0.000263874877227523	0.000115950991380976
vm_status03_avg3	9.54651305179638e-05	2.89130516466076e-05	9.66258261508136e-05
Visa_mconsumosdolares_rank_delta2	9.52920470710554e-05	0.000575408474836642	0.000367178139373092
active_quarter_avg3	9.51716139331417e-05	0.000189815878616519	0.000270552313222278
matm_other_rank_lag1	9.47704526354682e-05	0.000565049343496486	0.000328527808912766
vmr_mpagado_lag2	9.46758115964025e-05	0.000235773273838508	0.000309202643682604
cextraccion_autoservicio_lag1	9.37932147499418e-05	0.000152885681503342	0.000289877478452441
vmr_msaldodolares2_lag2	9.31386167665572e-05	0.000335630798607578	0.000231901982761953
mtarjeta_master_consumo_rank_tend3	9.30505572580432e-05	0.00120839082365126	0.000405828469833417
ccajas_transacciones_lag1	9.30360900370735e-05	0.000195550209040901	0.000289877478452441
matm_rank_delta1	9.29321916584767e-05	0.000392455102606991	0.000367178139373092
mextraccion_autoservicio_rank_delta1	9.14721859307496e-05	0.000923070341036582	0.000502454295984231
vmr_mconsumototal_avg3	8.87453338629957e-05	0.000203711111243237	0.000328527808912766
Master_fultimo_cierre_tend3	8.86770229158834e-05	5.70821228839688e-05	0.000231901982761953
Visa_mpagado_rank_lag1	8.86195507546448e-05	0.000388868476854063	0.000289877478452441
mtarjeta_master_consumo_rank_lag2	8.80491674144881e-05	0.000542078135035	0.000367178139373092
mtarjeta_master_consumo_rank_avg3	8.77121034270572e-05	0.000360706567252384	0.000251227147992115
Master_mconsumospesos_rank_delta2	8.7432658370807e-05	0.000495667591682076	0.000328527808912766
vmr_mpagado_delta2	8.69986661505383e-05	0.000279350691582987	0.000270552313222278
Visa_fultimo_cierre_delta2	8.62284590212185e-05	7.17633450267994e-05	0.000193251652301627
thomebanking_lag1	8.59515223678877e-05	0.000102319206029271	0.000309202643682604
cpagomiscuentas_lag1	8.51735426130933e-05	0.00058428038772298	0.000444478800293743
vm_mpagado_rank_delta2	8.5151153064478e-05	0.000425708804173132	0.000270552313222278
Master_mconsumospesos_rank_delta1	8.44366286442953e-05	0.000639974463339924	0.000367178139373092
Master_mconsumospesos_rank	8.36240688767548e-05	0.000140445090621792	0.000231901982761953
ccajas_extracciones_lag2	8.33335693176859e-05	0.000619353013746851	0.000270552313222278
cinversion1_lag1	8.30571048324517e-05	0.000895537083308561	0.00021257681753179
mv_status07_rank	8.21754348080604e-05	0.000671012468364141	0.000309202643682604
thomebanking_tend3	8.16953989866756e-05	0.000251720926447299	0.000115950991380976
Master_status_avg3	8.15435336233264e-05	0.000161161562893184	7.73006609206509e-05
catm_trx_lag2	8.04409169047768e-05	0.000394293241209233	0.000347852974142929
matm_rank	7.89659071006371e-05	0.000166150122499398	0.000347852974142929
Master_fultimo_cierre_delta1	7.69909352761163e-05	9.53008903978062e-05	0.000231901982761953
vm_mpagado_rank_lag2	7.66694392049714e-05	0.00110352810157356	0.000386503304603254
mcheques_emitidos_rank_lag2	7.57744305507254e-05	0.00135156746692664	0.000405828469833417
vm_mpagado_rank_lag1	7.57118650286999e-05	0.00062629897065682	0.000309202643682604
ctransferencias_emitidas_lag2	7.51003391890998e-05	0.000267795261404344	0.000309202643682604
Master_cconsumos_tend3	7.45215248192142e-05	0.00054526218079187	0.000309202643682604
cextraccion_autoservicio	7.39399281603835e-05	0.00028821151266772	0.000270552313222278
Master_cconsumos_delta1	7.32956177830955e-05	0.000119576782940236	0.000231901982761953
cinversion2_lag2	7.26511247358741e-05	0.00121371004121714	0.000289877478452441
ctransferencias_emitidas_lag1	7.21665281891132e-05	0.000197498610631542	0.000193251652301627
catm_trx	7.15371669485713e-05	0.000402857771451873	0.000270552313222278
thomebanking_delta1	7.12182418873944e-05	0.000413431620856963	0.000231901982761953
vm_msaldodolares_rank	6.8994400050425e-05	0.00176960131207957	0.000483129130754068
vm_mconsumototal_rank_lag2	6.7960114160688e-05	0.000330714073700736	0.000231901982761953
ctarjeta_master_debitos_automaticos_avg3	6.78437474793694e-05	0.000781188512758829	0.000328527808912766
Master_mconsumototal_rank_lag1	6.66864118039858e-05	0.000114184857304779	0.000193251652301627
mttarjeta_master_debitos_automaticos_rank_lag1	6.64527829822406e-05	0.000433440313914111	0.000251227147992115
Visa_status_avg3	6.4233716398851e-05	0.00114883068748425	0.000328527808912766
Visa_fultimo_cierre_delta1	6.40276769977403e-05	6.85549759097165e-05	0.000231901982761953
ccajas_otras_avg3	6.3069311595172e-05	0.000396335399091396	0.000193251652301627
ccheques_emitidos_avg3	6.27126232301944e-05	0.0017892382551089	0.000463803965523905
vm_status01_delta1	6.14503915844047e-05	0.000198008789836873	7.73006609206509e-05
Master_Fvencimiento_delta2	6.0746263896782e-05	7.21304225240187e-05	0.000231901982761953
vmr_mpagado_lag1	6.06041172078803e-05	0.000295872235753573	0.00021257681753179
vmr_mconsumototal_delta1	6.05854319360644e-05	0.000549853225949217	0.000289877478452441
Master_cconsumos_lag1	6.02277857624907e-05	0.000114131363379714	0.000193251652301627
vmr_mconsumosdolares_delta1	5.97842889997311e-05	0.000303247235776816	0.000193251652301627
ccuenta_debitos_automaticos_delta2	5.95406031084776e-05	0.0013453492457401	0.000367178139373092
Visa_Fvencimiento_tend3	5.9509797429026e-05	8.94810570303417e-05	0.00021257681753179
vm_status05_tend3	5.94379014755046e-05	0.000173379531709445	7.73006609206509e-05
cextraccion_autoservicio_delta2	5.93109849418234e-05	0.000189135566895228	0.00021257681753179
Visa_mpagosdolares_rank_lag2	5.88610588314068e-05	5.59162173286205e-05	0.000173926487071464
ctarjeta_master_transacciones	5.85397589818474e-05	0.000539859993056503	0.000251227147992115
vmr_mconsumosdolares_tend3	5.82827243960618e-05	0.000964688047046263	0.000367178139373092
Visa_status	5.72810540941368e-05	0.000269081779385022	9.66258261508136e-05
ccajas_depositos_lag1	5.71843842144367e-05	0.000768008526661609	0.000231901982761953
vm_mpagado_rank	5.64485654727442e-05	0.000325570796562682	0.000173926487071464
ccajas_transacciones_lag2	5.64184687586824e-05	8.55824197716285e-05	0.000173926487071464
ctransferencias_emitidas_tend3	5.58802479274471e-05	0.000449244428129687	0.000154601321841302
vmr_mconsumototal_tend3	5.5733980347499e-05	0.000205125534290457	0.000193251652301627
cseguro_vida_lag2	5.57229900367176e-05	0.000408617604286245	0.000173926487071464
Master_delinquency_avg3	5.56314835742994e-05	0.000189833433357643	9.66258261508136e-05
cpagomiscuentas_delta2	5.54103232335872e-05	0.000561331930555339	0.00021257681753179
cseguro_vivienda_avg3	5.48006458770069e-05	0.000176672792410467	0.000173926487071464
Master_mconsumototal_rank_delta1	5.47341418168705e-05	0.000271064242413663	0.00021257681753179
vm_mconsumosdolares_rank_lag1	5.42772363677611e-05	0.000229911780712259	0.000193251652301627
ctarjeta_master_transacciones_delta2	5.38708785818024e-05	0.00044488958594432	0.000154601321841302
Master_fechaalta_delta1	5.38004212157749e-05	4.34588140706213e-05	0.000154601321841302
Visa_mpagosdolares_rank_lag1	5.24956943101793e-05	0.000320027603207695	0.000173926487071464
cseguro_vivienda_lag2	5.22154008095448e-05	0.000176810741234368	0.000154601321841302
tcallcenter_lag2	5.11710280624204e-05	0.000139536654602918	0.000173926487071464
Master_status_tend3	5.10033224817482e-05	0.000212564159333144	0.000115950991380976
mttarjeta_master_debitos_automaticos_rank_lag2	5.06705145056399e-05	0.000638955676995631	0.000251227147992115
cplazo_fijo_tend3	5.05056457375198e-05	0.000407091782869359	9.66258261508136e-05
ctransferencias_emitidas_delta1	4.92371041828684e-05	0.000249461037372995	0.000193251652301627
catm_trx_lag1	4.88434899328976e-05	0.000216533539578473	0.000231901982761953
ctarjeta_master_descuentos_avg3	4.88319076288832e-05	0.00108357958372355	0.000270552313222278
ctarjeta_visa_descuentos_avg3	4.82726839555372e-05	0.000893927898705595	0.000251227147992115
cpagomiscuentas_tend3	4.81935244748716e-05	0.00059485262139319	0.000193251652301627
vm_mconsumosdolares_rank_delta2	4.79000670101234e-05	0.000268575661351145	0.00021257681753179
Visa_status_delta1	4.74933892149713e-05	0.000563936888197692	0.000154601321841302
Visa_msaldodolares_rank_delta2	4.74644149898185e-05	0.00075442229241347	0.000251227147992115
Visa_delinquency_delta2	4.74319712246743e-05	1.31167104258575e-05	3.86503304603254e-05
mforex_buy_rank_lag1	4.74303681672292e-05	0.00114321592144095	0.000270552313222278
vm_mconsumototal_rank_lag1	4.74293518725547e-05	8.62968802679412e-05	0.000154601321841302
Master_Finiciomora_tend3	4.70875785670688e-05	0.000216215239807211	5.79754956904882e-05
vmr_mpagado_tend3	4.67225293873562e-05	0.000406018847572348	0.00021257681753179
ctarjeta_debito_tend3	4.65648434704619e-05	0.000370238092986152	9.66258261508136e-05
vm_Fvencimiento_delta1	4.64855136827738e-05	0.000115558843311501	0.00021257681753179
vmr_mconsumototal_delta2	4.61016205342641e-05	7.80643617087844e-05	0.000154601321841302
vm_mconsumosdolares_rank_delta1	4.50691491889791e-05	0.00030693342573313	0.000193251652301627
vmr_Visa_mlimitecompra_tend3	4.48733091101013e-05	0.00143357902527754	0.000367178139373092
ccomisiones_mantenimiento_lag1	4.46745989339113e-05	6.72437852207436e-05	0.000135276156611139
ccuenta_debitos_automaticos_lag1	4.4573317846949e-05	3.43178158240805e-05	9.66258261508136e-05
Master_mconsumototal_rank_delta2	4.45267217188155e-05	0.000239042473190379	0.000173926487071464
cplazo_fijo_avg3	4.43748243386972e-05	0.00011853022342342	0.000115950991380976
Master_mpagado_rank_delta2	4.31966699968753e-05	0.000844904886726553	0.000251227147992115
mprestamos_prendarios_rank_avg3	4.28761973528535e-05	0.000326633120411701	7.73006609206509e-05
cpayroll_trx_delta1	4.28423835235848e-05	0.00016272493922889	0.000115950991380976
Visa_Finiciomora_tend3	4.28350643633415e-05	4.39469843467829e-05	1.93251652301627e-05
ccallcenter_transacciones_lag1	4.17847721197601e-05	0.00042298677125478	0.00021257681753179
Visa_delinquency_tend3	4.0932224715077e-05	1.66638598455132e-05	3.86503304603254e-05
mplazo_fijo_dolares_rank_delta2	4.02603314156076e-05	0.000623030338995582	0.00021257681753179
Master_delinquency_tend3	3.95376211634287e-05	3.24631705249608e-05	1.93251652301627e-05
mcheques_emitidos_rank_delta2	3.80451851429603e-05	0.000963114364942136	0.000231901982761953
ctarjeta_master_debitos_automaticos_lag2	3.77110945940968e-05	9.01863034709903e-05	0.000115950991380976
cseguro_accidentes_personales_lag1	3.7528423709795e-05	3.23718596700136e-05	3.86503304603254e-05
ccajas_consultas_lag1	3.74066655214323e-05	0.000281121537010924	0.000115950991380976
vm_mpagado_rank_delta1	3.73221107396562e-05	0.00100968801018087	0.000309202643682604
vmr_mpagosdolares_delta1	3.66186066657884e-05	0.00138162000467989	0.000347852974142929
ccajas_consultas_tend3	3.61130498338599e-05	0.000234648984373435	5.79754956904882e-05
ctarjeta_debito_delta1	3.54666482226456e-05	0.000734924520926326	0.000173926487071464
cseguro_auto_avg3	3.49057138711302e-05	0.00114321592144095	0.000270552313222278
Visa_fultimo_cierre_tend3	3.47274364959099e-05	6.38738862842206e-05	0.000135276156611139
ctarjeta_visa_descuentos_tend3	3.45010010655644e-05	0.000802617393106552	0.000193251652301627
vm_msaldodolares_rank_delta1	3.38942837643042e-05	0.000234425270595389	0.000135276156611139
mforex_buy_rank_delta1	3.35650659458179e-05	2.86326998107585e-05	0.000135276156611139
ccajas_transacciones_tend3	3.3515487503181e-05	0.000256221970805005	0.000154601321841302
vm_status02_delta2	3.32347785770409e-05	0.000943152833876065	0.000251227147992115
vmr_msaldodolares2_delta2	3.31900838804519e-05	0.000890898614149076	0.000251227147992115
mprestamos_hipotecarios_rank_lag2	3.31698785253428e-05	0.000326633120411701	7.73006609206509e-05
mv_status07_rank_lag2	3.23980547869256e-05	0.000757188561532712	0.000251227147992115
mplazo_fijo_dolares_rank_lag1	3.23899253012732e-05	0.000577140149610879	0.000173926487071464
vmr_mconsumosdolares_delta2	3.19458942388648e-05	0.000345141450793444	0.00021257681753179
ctarjeta_master_transacciones_tend3	3.18691017008881e-05	0.000160383521045937	7.73006609206509e-05
ccajas_depositos_delta1	3.10389526811316e-05	0.00071971870896978	0.000193251652301627
cforex_sell_avg3	3.08884808471676e-05	0.000102179335790918	0.000115950991380976
mttarjeta_master_debitos_automaticos_rank	3.01382249126092e-05	0.000298745623728476	0.000135276156611139
vm_fechaalta_delta1	2.98254516675898e-05	3.1600804784408e-05	9.66258261508136e-05
Visa_mpagosdolares_rank	2.96144411083114e-05	0.000184376659984454	0.000135276156611139
Master_Fvencimiento_delta1	2.93267668706275e-05	3.21182329624417e-05	9.66258261508136e-05
vmr_msaldodolares2_tend3	2.88235872045643e-05	0.00080106842737923	0.00021257681753179
mforex_sell_rank	2.86261294863465e-05	0.000659690097024739	0.000173926487071464
ctarjeta_visa_avg3	2.85465825552236e-05	0.000126391253965822	5.79754956904882e-05
Master_mconsumototal_rank	2.83937043841749e-05	0.000104024068338209	9.66258261508136e-05
Visa_mpagosdolares_rank_delta2	2.78670656192057e-05	2.86239224401968e-05	9.66258261508136e-05
mcaja_ahorro_adicional_rank_lag2	2.69628293199729e-05	0.00183540333776567	0.000444478800293743
cpagomiscuentas_delta1	2.66181852039299e-05	0.000479248231825491	0.000173926487071464
mtarjeta_master_consumo_rank_delta1	2.59809453021776e-05	0.000401200071134012	0.000154601321841302
ctarjeta_visa_delta2	2.58487950569713e-05	0.000175812348084365	5.79754956904882e-05
catm_trx_delta1	2.58202833314848e-05	0.00041984517128988	0.000173926487071464
mv_status07_rank_delta1	2.57480375709848e-05	0.00116829138440619	0.000289877478452441
ccajas_extracciones_delta1	2.56573427019666e-05	0.000512359093694582	0.000173926487071464
ctarjeta_master_transacciones_lag2	2.55213408552727e-05	0.000108351661373176	9.66258261508136e-05
minversion2_rank_lag2	2.42759997194857e-05	0.000805215058107692	0.000193251652301627
cliente_edad_tend3	2.42666458301588e-05	5.39717022353922e-05	7.73006609206509e-05
minversion1_pesos_rank_delta2	2.40679602212917e-05	0.000244974840308776	5.79754956904882e-05
Visa_msaldodolares_rank_delta1	2.40132559256022e-05	3.65873556391508e-05	5.79754956904882e-05
Visa_delinquency_delta1	2.3845283274355e-05	2.30388073153631e-05	5.79754956904882e-05
Visa_mpagosdolares_rank_delta1	2.36722259797581e-05	2.06206198913784e-05	5.79754956904882e-05
ctarjeta_master_debitos_automaticos_lag1	2.34481938675895e-05	2.72511591517617e-05	5.79754956904882e-05
mtarjeta_visa_descuentos_rank_delta2	2.3040424015309e-05	8.63280159157543e-05	7.73006609206509e-05
cseguro_accidentes_personales	2.26861662303117e-05	8.31195157931407e-05	7.73006609206509e-05
Master_mpagado_rank_lag2	2.25948680353923e-05	9.36415743450655e-05	5.79754956904882e-05
Master_mconsumosdolares_rank_lag1	2.16205356164148e-05	1.81549647967444e-05	5.79754956904882e-05
Master_mconsumosdolares_rank_lag2	2.06383597229734e-05	1.48131447123166e-05	5.79754956904882e-05
Visa_mpagado_rank_delta1	2.01375664157093e-05	2.75815551003652e-05	5.79754956904882e-05
cplazo_fijo_delta2	2.00104132432338e-05	0.000204605486001808	5.79754956904882e-05
Master_fechaalta_delta2	1.99758427404192e-05	1.37751878920209e-05	5.79754956904882e-05
mplazo_fijo_dolares_rank_lag2	1.97946343250759e-05	0.000673228121237555	0.000173926487071464
cextraccion_autoservicio_tend3	1.95697975142076e-05	3.38243616581778e-05	5.79754956904882e-05
ccajas_extracciones_lag1	1.95319863437518e-05	0.00015451905846099	7.73006609206509e-05
catm_trx_other_lag2	1.94137950136791e-05	3.39757167147281e-05	5.79754956904882e-05
Visa_msaldodolares_rank	1.92161916350113e-05	0.000242005032263226	7.73006609206509e-05
vmr_msaldodolares_lag2	1.92152016511471e-05	8.01796643456274e-05	5.79754956904882e-05
vmr_mpagosdolares_lag1	1.91693818504178e-05	3.88568954542211e-05	3.86503304603254e-05
Visa_fechaalta_delta1	1.855829964912e-05	2.28543951965483e-05	7.73006609206509e-05
vmr_msaldodolares2_lag1	1.84832746904025e-05	0.000434881986111732	0.000135276156611139
tcallcenter_tend3	1.82287672104014e-05	3.65367438357631e-05	1.93251652301627e-05
matm_other_rank_delta1	1.81943219811214e-05	0.000380088486181816	0.000135276156611139
vmr_msaldodolares_delta1	1.77102728299772e-05	8.97214521793058e-05	5.79754956904882e-05
ccajas_transacciones_delta1	1.73458921191963e-05	0.000144615171340262	5.79754956904882e-05
vm_status03_tend3	1.73349075143737e-05	0.000110212987954365	3.86503304603254e-05
ccajeros_propios_descuentos_avg3	1.72150511538026e-05	0.000261906300785143	7.73006609206509e-05
cliente_edad_delta2	1.70781558490488e-05	4.03556423947473e-05	5.79754956904882e-05
Visa_msaldodolares_rank_lag2	1.70413387834275e-05	0.000155690553585651	5.79754956904882e-05
mtarjeta_visa_descuentos_rank_delta1	1.67684411564833e-05	4.90218329292651e-05	5.79754956904882e-05
Visa_Fvencimiento_delta1	1.66920022294577e-05	8.45540263550791e-06	3.86503304603254e-05
vmr_msaldodolares_lag1	1.65945723477358e-05	8.2632349892715e-05	5.79754956904882e-05
mplazo_fijo_dolares_rank_delta1	1.64959767861661e-05	0.0011421611085757	0.000270552313222278
active_quarter_lag2	1.6421282376816e-05	3.60351673269526e-05	3.86503304603254e-05
cpayroll_trx_delta2	1.58243366886216e-05	4.39720064031601e-05	3.86503304603254e-05
catm_trx_delta2	1.5789575987178e-05	0.000137055147839061	7.73006609206509e-05
ccuenta_debitos_automaticos_tend3	1.57285143023128e-05	0.000131444399298706	3.86503304603254e-05
Master_mpagado_rank	1.54162270147906e-05	9.8144933133816e-05	5.79754956904882e-05
minversion2_rank_lag1	1.52828364367746e-05	0.000244974840308776	5.79754956904882e-05
ccallcenter_transacciones_lag2	1.51608848798057e-05	4.26191559554021e-05	3.86503304603254e-05
Master_cconsumos_delta2	1.51369280944871e-05	3.02872559958812e-05	5.79754956904882e-05
cseguro_vida_lag1	1.50852479569993e-05	3.31333948203833e-05	3.86503304603254e-05
vm_msaldodolares_rank_lag2	1.50024524332924e-05	0.000263888370797192	9.66258261508136e-05
cforex_lag2	1.49380836697647e-05	1.95487326386131e-05	3.86503304603254e-05
vm_Finiciomora_lag2	1.42803149959846e-05	0.000200296146404128	7.73006609206509e-05
cseguro_vivienda	1.42041872022164e-05	0.00018335940203802	7.73006609206509e-05
ccajas_consultas_lag2	1.37482917078273e-05	4.62855204080591e-05	3.86503304603254e-05
active_quarter	1.36851435440015e-05	8.21709484133409e-05	5.79754956904882e-05
ccajas_transacciones	1.32614168192387e-05	3.29828694655278e-05	5.79754956904882e-05
vm_msaldodolares_rank_delta2	1.32364380332866e-05	0.000721980563127045	0.000173926487071464
Master_mpagosdolares_rank_lag2	1.31948672699302e-05	1.14215425261959e-05	3.86503304603254e-05
tcallcenter_lag1	1.30814379984074e-05	5.94872097548765e-05	9.66258261508136e-05
vmr_mpagosdolares_delta2	1.28241955809948e-05	0.000374823941590777	0.000115950991380976
ctarjeta_master_transacciones_lag1	1.27715361583158e-05	1.43667215319605e-05	3.86503304603254e-05
Master_mconsumosdolares_rank	1.26116453638143e-05	1.51472524842919e-05	5.79754956904882e-05
mtarjeta_visa_descuentos_rank_lag2	1.26112272438281e-05	3.98393495979803e-05	3.86503304603254e-05
vmr_Visa_mlimitecompra_delta2	1.24233762998644e-05	0.000616710588522697	0.000154601321841302
mcajeros_propios_descuentos_rank_delta1	1.22931038698726e-05	2.06558603791557e-05	3.86503304603254e-05
vmr_mpagado_delta1	1.22604873409737e-05	2.82165389080105e-05	3.86503304603254e-05
mttarjeta_master_debitos_automaticos_rank_delta2	1.22346169989481e-05	0.0010542593232188	0.000251227147992115
vmr_Visa_mlimitecompra_delta1	1.21681952789682e-05	0.000571607960720476	0.000135276156611139
ccajas_otras_delta2	1.21498182081808e-05	0.000298330598206994	9.66258261508136e-05
cinversion1_lag2	1.10307977296199e-05	7.41524928914633e-05	1.93251652301627e-05
ctarjeta_visa_descuentos_lag1	1.07865053424881e-05	4.28885906636871e-06	1.93251652301627e-05
active_quarter_lag1	1.06142931637996e-05	2.26708564479386e-05	5.79754956904882e-05
vmr_msaldodolares2_delta1	1.05937712072226e-05	0.000146265448011379	5.79754956904882e-05
catm_trx_tend3	1.05606631733664e-05	0.000105302070959387	5.79754956904882e-05
ctarjeta_master_debitos_automaticos	9.99306513363318e-06	8.31271141139254e-05	3.86503304603254e-05
ccheques_depositados_lag2	9.88283108020414e-06	2.93262867591684e-05	1.93251652301627e-05
cprestamos_hipotecarios_lag2	9.81599686694751e-06	0.00016331656020585	3.86503304603254e-05
ctarjeta_master_debitos_automaticos_delta2	9.54028675702573e-06	0.000468543333221121	0.000115950991380976
Master_delinquency_delta2	9.44622125130322e-06	5.18008532535024e-05	1.93251652301627e-05
cseguro_vida	9.02106645183405e-06	4.74236091223738e-05	3.86503304603254e-05
ccajas_otras_delta1	9.00204643043104e-06	0.000193924605078079	5.79754956904882e-05
ccajas_extracciones_tend3	8.6296455982094e-06	0.000102631785225689	3.86503304603254e-05
Master_mconsumosdolares_rank_delta2	8.56580804360275e-06	1.43251927787063e-05	3.86503304603254e-05
catm_trx_other_delta1	8.2992549476144e-06	3.27656186269999e-05	5.79754956904882e-05
vm_status04_avg3	8.04772908868418e-06	7.05648190942892e-06	3.86503304603254e-05
ccuenta_debitos_automaticos_delta1	7.74844362094441e-06	3.98402229681854e-05	1.93251652301627e-05
vmr_msaldodolares_delta2	7.55022114573902e-06	1.18441226999517e-05	1.93251652301627e-05
Master_mpagosdolares_rank_delta1	7.46592955131582e-06	8.44055534202057e-06	1.93251652301627e-05
Master_mpagosdolares_rank	7.28975490118892e-06	1.92138825019634e-05	1.93251652301627e-05
Master_mpagado_rank_lag1	7.12961494648338e-06	0.000298981477352373	7.73006609206509e-05
vm_status05_lag2	6.55281192709994e-06	3.24865331779482e-05	1.93251652301627e-05
Master_mconsumosdolares_rank_delta1	6.4994637476355e-06	5.87027049681117e-06	1.93251652301627e-05
ctarjeta_visa_descuentos_delta2	6.40267166531625e-06	1.57452927322598e-05	1.93251652301627e-05
vm_mpagosdolares_rank_delta1	6.39504977225513e-06	6.20040443435314e-06	1.93251652301627e-05
ccajas_depositos_lag2	6.36263929187102e-06	1.85262781394586e-05	1.93251652301627e-05
ctarjeta_visa_descuentos_delta1	6.15031866028564e-06	3.64795380873266e-05	1.93251652301627e-05
mtarjeta_master_descuentos_rank_lag2	6.1343578253319e-06	2.90723980405349e-05	1.93251652301627e-05
ccajas_otras	6.1238040204041e-06	0.000126775493187572	3.86503304603254e-05
vmr_Master_mlimitecompra_delta2	6.07209440212886e-06	9.22064960924938e-06	1.93251652301627e-05
ccajeros_propios_descuentos_lag2	6.03595666261096e-06	2.23728188654355e-05	1.93251652301627e-05
mv_status07_rank_lag1	5.94875027419769e-06	2.90332273868345e-05	3.86503304603254e-05
cforex_buy_delta2	5.91986821613059e-06	0.000571607960720476	0.000135276156611139
cforex_lag1	5.47421642365446e-06	4.95508332625169e-05	1.93251652301627e-05
vm_status02_delta1	5.40583431055515e-06	5.29481996919915e-05	1.93251652301627e-05
ctarjeta_master_debitos_automaticos_delta1	5.34009421491209e-06	0.000313365491614395	7.73006609206509e-05
catm_trx_other_lag1	5.30058409520243e-06	4.81785939962049e-06	1.93251652301627e-05
mtarjeta_visa_descuentos_rank	4.85657046766835e-06	0.000104873682873767	3.86503304603254e-05
Visa_cadelantosefectivo_lag2	4.6458154877977e-06	3.89641016469017e-06	1.93251652301627e-05
mcajeros_propios_descuentos_rank_lag2	4.29194554950473e-06	2.37717395915144e-05	1.93251652301627e-05
mtarjeta_visa_descuentos_rank_lag1	4.22168712692992e-06	3.22777103618998e-05	1.93251652301627e-05
vm_mpagosdolares_rank_lag2	4.22094440128351e-06	4.28790709284511e-05	1.93251652301627e-05
mttarjeta_master_debitos_automaticos_rank_delta1	4.10572381529757e-06	0.00013603164529566	3.86503304603254e-05
vmr_mpagosdolares	4.05884793668056e-06	5.39450207756252e-05	1.93251652301627e-05
mforex_sell_rank_lag1	3.62861206008597e-06	0.000326633120411701	7.73006609206509e-05
vm_mpagosdolares_rank_delta2	3.49729789635311e-06	5.2742914025274e-05	1.93251652301627e-05
catm_trx_other	3.17662649476391e-06	7.43897439076889e-06	3.86503304603254e-05
mcaja_ahorro_adicional_rank_avg3	3.08704547646706e-06	6.10904554404474e-05	1.93251652301627e-05
mcheques_depositados_rank_lag2	2.73197348283854e-06	0.000156714405477134	3.86503304603254e-05
ctarjeta_master_debitos_automaticos_tend3	2.2046557087637e-06	7.33555862477856e-05	1.93251652301627e-05
vmr_msaldodolares	2.15069778419433e-06	7.71586331375465e-05	1.93251652301627e-05
catm_trx_other_delta2	2.11715371998113e-06	5.99552925163199e-05	3.86503304603254e-05
cforex_delta1	2.11667885740395e-06	3.30221274562488e-06	1.93251652301627e-05
vmr_Master_mlimitecompra_tend3	2.11156362377474e-06	3.29352271208376e-06	1.93251652301627e-05
mforex_sell_rank_lag2	2.0960286752512e-06	5.79014751419186e-05	1.93251652301627e-05
cforex	1.97891767339144e-06	6.37975100597813e-05	1.93251652301627e-05
cseguro_vida_tend3	1.81402576443815e-06	7.32725724097872e-05	1.93251652301627e-05
vm_mpagosdolares_rank_lag1	1.61103500960269e-06	7.81899523442831e-05	1.93251652301627e-05
tcuentas	1.58893535539778e-06	0.00016331656020585	3.86503304603254e-05
vmr_mpagosdolares_lag2	3.57303657542603e-07	1.645931654347e-05	1.93251652301627e-05
