Feature	Gain	Cover	Frequency
ctrx_quarter_normalizado	0.190930674562795	0.00938635502700566	0.00555203045685279
mcaja_ahorro_rank	0.071616209831795	0.0068267151586755	0.00686072335025381
ctrx_quarter	0.0547092001485996	0.00268733858520509	0.00257772842639594
cpayroll_trx	0.0345570777350038	0.0090080052850048	0.00440196700507614
mtarjeta_visa_consumo_rank	0.0264662787308276	0.00629353091478534	0.0055123730964467
mcuentas_saldo_rank_avg3	0.0225144796951181	0.00380159164408458	0.00352950507614213
mprestamos_personales_rank	0.0213445457825425	0.0126281834130951	0.00709866751269036
mcuenta_corriente_rank	0.0191541187739774	0.00653218369728064	0.00777284263959391
cdescubierto_preacordado_delta2	0.0186814080338022	0.00262903988917807	0.000951776649746193
vm_status04_delta2	0.0176140075784553	0.00198657372819241	0.000674175126903553
mcuentas_saldo_rank	0.0164096768567962	0.00839140995769751	0.00975571065989848
ctarjeta_visa	0.0152378446670041	0.000473611155287033	0.000237944162436548
cdescubierto_preacordado_avg3	0.0119321771714841	0.00273244743171405	0.00154663705583756
vm_status06_delta2	0.0117021656447735	0.000328399724791418	0.000118972081218274
vm_mpagospesos_rank	0.0105948901770962	0.00121406488763854	0.00210184010152284
mpasivos_margen_rank	0.0105416505985973	0.00224256823295987	0.00456059644670051
cproductos_tend3	0.00979091287374901	0.00497297810518951	0.00202252538071066
cdescubierto_preacordado_tend3	0.00969655881926781	0.0011883176642704	0.000475888324873097
vm_status01	0.00937206810808332	0.00510752513047567	0.00134835025380711
mpayroll_sobre_edad_rank	0.00914518378580119	0.00966874487879054	0.00420368020304568
mpasivos_margen_rank_avg3	0.00870680315293986	0.00248131507818064	0.00352950507614213
mprestamos_personales_rank_delta2	0.00816665834670074	0.0138833424347267	0.00515545685279188
foto_mes	0.00807203213741891	0.00824654662922124	0.0126903553299492
vm_status06	0.0075178236777034	0.000433751550856345	0.000118972081218274
ctrx_quarter_delta2	0.00689123590092176	0.00203980387698647	0.00341053299492386
cdescubierto_preacordado	0.0061133826057948	0.00368009590937609	0.00194321065989848
ctarjeta_visa_transacciones	0.00541859868729754	0.00536045700185645	0.00543305837563452
vm_Finiciomora	0.00540417309418114	0.00496650464897791	0.00218115482233503
mcuenta_corriente_rank_delta2	0.00540416166848345	0.00232496884142934	0.00329156091370558
vm_mpagominimo_rank	0.00533680009098713	0.00459205982136734	0.00285532994923858
ctrx_quarter_delta1	0.00516063119558216	0.00271685994430432	0.00392607868020305
mprestamos_personales_rank_delta1	0.00491121217230682	0.00901972527330908	0.00424333756345178
mpayroll_rank	0.00470895856369047	0.00289557553852031	0.00218115482233503
ccaja_ahorro	0.00412385281062419	0.0123924348609581	0.00408470812182741
cproductos_delta1	0.00404790429225899	0.00271223985597623	0.00142766497461929
mprestamos_personales_rank_lag2	0.00396417612563815	0.00428103669898513	0.0023001269035533
Visa_Finiciomora	0.00391208163970072	0.00324096022909445	0.00115006345177665
mcuentas_saldo_rank_delta2	0.00381676071572575	0.00299527555851925	0.00456059644670051
mprestamos_personales_rank_tend3	0.00378649776630305	0.00299600751688388	0.00174492385786802
ctrx_quarter_normalizado_delta2	0.00366345263966255	0.00153328038386328	0.00293464467005076
ccomisiones_mantenimiento_delta2	0.00342794969309194	0.00235703041862956	0.00198286802030457
mrentabilidad_annual_rank_lag2	0.00333311784141793	0.00321692484242718	0.00713832487309645
ccomisiones_mantenimiento_tend3	0.00332578724250486	0.000723543160044035	0.000594860406091371
ctarjeta_visa_transacciones_delta2	0.00322727748565869	0.00335571570513955	0.00233978426395939
mactivos_margen_rank	0.00301540916649213	0.00507209609021989	0.00773318527918782
ctrx_quarter_normalizado_delta1	0.00299535708752671	0.00531739471897755	0.00341053299492386
vm_msaldopesos_rank	0.00294104926652797	0.00174267511295555	0.00154663705583756
mactivos_margen_rank_avg3	0.00270567781852606	0.00375798115734749	0.00467956852791878
ccaja_seguridad	0.00265437642062879	0.00677359157350816	0.00198286802030457
cprestamos_personales_delta2	0.00263770935467134	0.00264253063451496	0.000912119289340102
cproductos	0.00257064747032729	0.00300173039450731	0.00372779187817259
vm_msaldototal_rank	0.00255678814263907	0.00100236693305563	0.00134835025380711
ccomisiones_mantenimiento_delta1	0.00245329816232337	0.00167435952343612	0.000912119289340102
cprestamos_personales_tend3	0.00243809428076421	0.00244423469509577	0.000753489847715736
mcuenta_debitos_automaticos_rank	0.00241813852004033	0.00391164232289734	0.00293464467005076
mprestamos_personales_rank_lag1	0.00237550477590426	0.00185488294029402	0.00115006345177665
mcuentas_saldo_rank_delta1	0.00236871409091844	0.0042422048784423	0.00571065989847716
mcuenta_corriente_rank_avg3	0.00227893225166517	0.00333261141706797	0.00622620558375635
Visa_delinquency_avg3	0.00223049161802391	0.00153477647074402	0.00103109137055838
mcomisiones_otras_rank_lag2	0.00220087063302797	0.00245890480867551	0.00428299492385787
Visa_mpagominimo_rank	0.00219957482118602	0.00291895974187715	0.00392607868020305
cpayroll_trx_avg3	0.00214385337451508	0.00142435933194505	0.00126903553299492
mpagomiscuentas_rank	0.00213788826198632	0.00481929289944496	0.00253807106598985
mautoservicio_rank	0.00213554313875842	0.00236543111168659	0.00261738578680203
mtarjeta_master_consumo_rank	0.00201806154655973	0.00160725573456767	0.000912119289340102
mrentabilidad_annual_rank_avg3	0.00198346426719236	0.00461913004221433	0.00594860406091371
mcuentas_saldo_rank_tend3	0.00194543370789182	0.00278912258411894	0.0036881345177665
mpayroll_rank_delta2	0.00187580992845662	0.00598466354222661	0.00293464467005076
Master_status	0.00185207854376422	0.000481111084103142	0.000198286802030457
vm_status03_avg3	0.00184970424963397	7.56461879459146e-06	3.96573604060914e-05
cprestamos_personales	0.00181725400143342	0.00118530223708424	0.00134835025380711
numero_de_cliente	0.00176771650330953	0.00489167923698871	0.00761421319796954
mrentabilidad_rank_avg3	0.00174329147808887	0.00289133353689078	0.00380710659898477
mcomisiones_mantenimiento_rank	0.0017274863454944	0.00493706668749959	0.00463991116751269
mrentabilidad_annual_rank_lag1	0.00166523666948921	0.00234238154784005	0.00563134517766498
vm_status04_delta1	0.00160876309130767	0.00249195579287095	0.000991434010152284
vmr_mpagominimo_delta2	0.00158444754446201	0.00216827913585985	0.00222081218274112
vm_fechaalta_tend3	0.00157460635501348	0.000333141237957491	0.000713832487309645
mactivos_margen_rank_lag2	0.00156161293236756	0.00727807532167469	0.00614689086294416
mrentabilidad_annual_rank	0.00156103555799695	0.00434669117007892	0.00531408629441624
vm_Finiciomora_lag1	0.00155276856119293	0.00277637201452233	0.00111040609137056
mrentabilidad_annual_rank_delta1	0.00150562231824452	0.00248011350553978	0.00499682741116751
Visa_fechaalta	0.00149644352614525	0.00201864465921385	0.00400539340101523
mrentabilidad_annual_rank_tend3	0.00138250573205141	0.00332396621337606	0.00531408629441624
ccallcenter_transacciones_delta2	0.00137329592181861	0.00118910294815784	0.000713832487309645
mtransferencias_recibidas_rank	0.00136126919379152	0.00281729332137013	0.00380710659898477
vm_status02_avg3	0.00133118331355271	0.000202462498546786	0.000198286802030457
mcuenta_corriente_rank_lag2	0.00131349806124909	0.00465545390222651	0.00479854060913706
vm_Finiciomora_delta1	0.00130413300035168	0.00387293376298918	0.00115006345177665
mprestamos_personales_rank_avg3	0.00129436855317048	0.000830905270899741	0.000912119289340102
cdescubierto_preacordado_delta1	0.00129351547802719	0.00292159096304247	0.000753489847715736
mv_status07_rank_delta2	0.00128428206762212	0.00196543094517108	0.000753489847715736
cliente_edad	0.001283825032272	0.0038068817107844	0.00499682741116751
chomebanking_transacciones_avg3	0.00125086265902377	0.00145203763858976	0.00309327411167513
ccaja_seguridad_avg3	0.00124857552591489	0.00103668059569593	0.000396573604060914
cplazo_fijo	0.00123501531175606	0.00379391644039434	0.00118972081218274
mcuenta_corriente_rank_lag1	0.00122243248037415	0.00380567882686019	0.0036881345177665
mactivos_margen_rank_tend3	0.00121076397723453	0.00201057720696489	0.00428299492385787
mcomisiones_rank_avg3	0.00120712392515863	0.00452038297553354	0.00444162436548223
ctarjeta_visa_transacciones_delta1	0.00120681059836227	0.0023967329313152	0.00166560913705584
mttarjeta_visa_debitos_automaticos_rank_lag2	0.00119944624153231	0.00269150636819714	0.00325190355329949
cliente_antiguedad	0.00117680335826666	0.00381751079876236	0.00527442893401015
mpasivos_margen_rank_lag2	0.00117402840713726	0.00178181928119178	0.0041243654822335
cliente_edad_lag2	0.00116739601052227	0.00374236858071638	0.0055123730964467
Visa_mpagospesos_rank	0.00116690900338083	0.00076353074572945	0.00206218274111675
ctransferencias_recibidas_avg3	0.00115851545985892	0.00225671470738947	0.00452093908629442
Visa_fechaalta_lag2	0.00112846761181012	0.00201492236288443	0.0032122461928934
chomebanking_transacciones	0.0011271004850284	0.00260372486480131	0.00329156091370558
vm_status06_avg3	0.00111196029200372	8.0422406411255e-05	0.000158629441624365
mcaja_ahorro_rank_avg3	0.00108711959623124	0.00269099479285379	0.0041243654822335
mttarjeta_visa_debitos_automaticos_rank_delta2	0.00108352039705605	0.0038360531320676	0.00313293147208122
mactivos_margen_rank_delta1	0.00106245996080991	0.00244206478341214	0.00483819796954315
vm_mpagospesos_rank_lag1	0.00104337391312336	0.000301857251782403	0.000832804568527919
mactivos_margen_rank_delta2	0.00102575085746934	0.00234623156316753	0.00456059644670051
thomebanking	0.00102078857225649	0.00108436174303845	0.00170526649746193
vmr_mpagominimo_avg3	0.00101684806133495	0.00237049930924399	0.00226046954314721
mcomisiones_rank_lag2	0.00101086747903435	0.000996294030197284	0.00257772842639594
mpasivos_margen_rank_tend3	0.00100314008933406	0.00194277520342328	0.00388642131979695
mrentabilidad_rank	0.000990235515107885	0.00295581257359177	0.00416402284263959
ccaja_ahorro_delta2	0.000961906819258783	0.0153661473264337	0.00372779187817259
vm_status06_tend3	0.000947056213129491	4.28641042556254e-05	3.96573604060914e-05
mcomisiones_otras_rank_delta2	0.000934031429801396	0.00187201765463504	0.00325190355329949
mcaja_ahorro_rank_lag1	0.000924144424319747	0.00140951088383003	0.00309327411167513
Visa_mlimitecompra_rank	0.000911947315998057	0.00156627279740253	0.00325190355329949
mactivos_margen_rank_lag1	0.000910532162108965	0.00207987555964391	0.0036881345177665
vm_status05_avg3	0.000900195128444284	3.53738789362884e-05	0.000118972081218274
vm_mpagominimo_rank_lag1	0.000899069054483707	0.0022108934843472	0.00162595177664975
mrentabilidad_rank_tend3	0.000889947398864901	0.00133163568903096	0.00325190355329949
Master_Fvencimiento_lag2	0.000883057040541144	0.00178840279778569	0.00376744923857868
thomebanking_avg3	0.000854256344042593	0.00097720716462723	0.00237944162436548
mrentabilidad_rank_delta2	0.000852047500803749	0.00223176142237887	0.00348984771573604
Visa_delinquency	0.000851321492556457	0.000133829403619457	0.000198286802030457
mtransferencias_recibidas_rank_lag2	0.000844114405992826	0.00289517594677484	0.00380710659898477
mrentabilidad_rank_lag2	0.000843052219574172	0.00209916847153732	0.00360881979695431
mrentabilidad_annual_rank_delta2	0.000818985400477736	0.00132223754644085	0.0027363578680203
chomebanking_transacciones_lag2	0.000808028227464178	0.00156916155461732	0.00317258883248731
mcuentas_saldo_rank_lag2	0.000807335849587885	0.00142197340818462	0.00317258883248731
ccomisiones_mantenimiento_avg3	0.000806202593394703	0.00760288702555148	0.00305361675126904
vm_fechaalta	0.000805780983919436	0.00166008873934518	0.00245875634517767
mcomisiones_mantenimiento_rank_lag2	0.000791693285806827	0.00140819732759129	0.00261738578680203
cproductos_delta2	0.000779570510759674	0.00204951261889218	0.00162595177664975
Master_fechaalta_lag2	0.000775417239618667	0.00177165438751888	0.00360881979695431
Master_fechaalta_tend3	0.000773390326344938	0.000163993378977905	0.000475888324873097
mpasivos_margen_rank_delta1	0.00077238820615707	0.00198863821269489	0.00356916243654822
mtransferencias_recibidas_rank_lag1	0.000770624752397108	0.00252953603716793	0.0032122461928934
vm_fechaalta_delta2	0.000769611351392507	0.000293665402453204	0.000475888324873097
mcaja_ahorro_dolares_rank_delta2	0.000751083605620806	0.00238730760145035	0.00186389593908629
mcaja_ahorro_rank_lag2	0.000750352322985749	0.00188510181471529	0.00325190355329949
Visa_mpagospesos_rank_delta2	0.000748361751262862	0.00230687103317894	0.00329156091370558
vm_cconsumos_delta2	0.000738293851020251	0.00153085433483242	0.00087246192893401
mcuenta_debitos_automaticos_rank_delta2	0.000734084430018795	0.00347953826843893	0.00134835025380711
Visa_msaldopesos_rank	0.000731804750101139	0.00202232219707167	0.00210184010152284
vm_fechaalta_lag2	0.00072991078739223	0.00164480214775428	0.00297430203045685
Visa_Fvencimiento	0.000724414132163586	0.00157953634104473	0.00293464467005076
cliente_antiguedad_lag2	0.000722089856496689	0.00224737828253558	0.00360881979695431
ccallcenter_transacciones_avg3	0.000717515198555092	0.00295368645877195	0.00245875634517767
Visa_mfinanciacion_limite_rank_lag1	0.000716176724675067	0.00119900768321458	0.00317258883248731
cmobile_app_trx	0.000708980771766694	0.00236982801958891	0.00289498730964467
ctransferencias_emitidas_avg3	0.000707602905546667	0.00204761466737485	0.00233978426395939
mcaja_ahorro_rank_delta1	0.000706292315799846	0.00347160858836036	0.00356916243654822
mcaja_ahorro_dolares_rank	0.000701668838425829	0.00450010625145386	0.0027363578680203
cliente_edad_lag1	0.000698632346722675	0.0020060983001439	0.00309327411167513
vm_Finiciomora_avg3	0.000692328056314687	0.00261773059481826	0.00087246192893401
chomebanking_transacciones_delta1	0.00068954605074994	0.00196057902194714	0.00178458121827411
mcuenta_corriente_rank_delta1	0.000684708547168826	0.00282961125488093	0.00305361675126904
cliente_edad_avg3	0.000684130827872948	0.00154824684747958	0.00261738578680203
mcuenta_corriente_rank_tend3	0.000682483451235696	0.00100107094801374	0.00237944162436548
Master_fechaalta	0.000679412977886639	0.00400812043229231	0.00337087563451777
cmobile_app_trx_avg3	0.000671638721635373	0.00143825587576858	0.00317258883248731
ccomisiones_mantenimiento_lag2	0.000667409895066108	0.000392051603956729	0.00103109137055838
Master_Fvencimiento	0.000665971765195177	0.0026764370125475	0.00341053299492386
Master_mlimitecompra_rank	0.000665572494090367	0.00146107176892258	0.00297430203045685
mpayroll_sobre_edad_rank_delta2	0.000652995341721702	0.00292379435616091	0.00126903553299492
mrentabilidad_rank_delta1	0.000652081716370089	0.00130120884507076	0.00301395939086294
ctrx_quarter_normalizado_avg3	0.000651970330531654	0.000844290239379931	0.00122937817258883
Visa_fechaalta_lag1	0.000639103481340656	0.000797654097446566	0.0018242385786802
vm_status02	0.000637730812081523	0.000459192458434476	0.000237944162436548
vm_mlimitecompra_rank_delta2	0.000631154560486351	0.00172152009128964	0.00317258883248731
mcomisiones_mantenimiento_rank_delta2	0.000629037108010122	0.00129214971293545	0.00190355329949239
mcaja_ahorro_dolares_rank_delta1	0.000628768205505194	0.00288649114232583	0.00158629441624365
mpayroll_rank_delta1	0.000618512546984223	0.00380331545717335	0.00166560913705584
mcomisiones_otras_rank	0.000618196981793875	0.00169176864567236	0.0027363578680203
mplazo_fijo_dolares_rank	0.000612507054055191	0.00437398474618944	0.00122937817258883
mpasivos_margen_rank_lag1	0.000610442279020414	0.00104724551820875	0.00281567258883249
ccomisiones_otras	0.000607580813295547	0.0015497585823416	0.00237944162436548
mtransferencias_emitidas_rank	0.000607013008932363	0.00387789478498764	0.00257772842639594
Master_Fvencimiento_avg3	0.000603478299358195	0.00188249804308138	0.00257772842639594
mcaja_ahorro_rank_delta2	0.000601050734597036	0.00212191425474166	0.00265704314720812
cpayroll_trx_lag2	0.000599897571426285	0.000942890966839125	0.000475888324873097
cmobile_app_trx_lag1	0.000595545703312455	0.00276399524809867	0.00233978426395939
Visa_mfinanciacion_limite_rank_lag2	0.000593997365349248	0.00132162893612977	0.0027363578680203
ctarjeta_visa_debitos_automaticos_tend3	0.00059375006011533	0.00196452414902677	0.000912119289340102
mcomisiones_rank_delta2	0.000588805889963657	0.00254434025132468	0.00265704314720812
Visa_cconsumos_avg3	0.000586335387743802	0.00103726892482456	0.00233978426395939
Master_mlimitecompra_rank_delta2	0.000585224323487735	0.00112630873572076	0.00317258883248731
Visa_mfinanciacion_limite_rank	0.000581879622783601	0.00111606262989919	0.00218115482233503
cprestamos_personales_avg3	0.000580783744574173	0.00246055484022125	0.00186389593908629
Visa_msaldototal_rank	0.000579572242781428	0.000811408061060774	0.00202252538071066
mpasivos_margen_rank_delta2	0.000576855393294193	0.00106378377346439	0.00257772842639594
vmr_msaldopesos2	0.000574449052184512	0.00149783438434288	0.0023001269035533
Visa_status_tend3	0.000571940873038677	0.00201403173923473	0.000951776649746193
mcomisiones_rank	0.000570449694797942	0.00239989933092412	0.00249841370558376
mcomisiones_rank_lag1	0.000570288015302703	0.00097563170139452	0.00281567258883249
Visa_Fvencimiento_lag2	0.000569104981617363	0.000873758710050806	0.00261738578680203
Visa_fechaalta_avg3	0.000568651552310997	0.00112743451618413	0.00178458121827411
ccomisiones_otras_avg3	0.000568319498097737	0.000995697745949681	0.00253807106598985
vm_Fvencimiento_lag1	0.000565466599630671	0.00271771079235914	0.00265704314720812
mrentabilidad_rank_lag1	0.000564711005586213	0.000940964604182594	0.00289498730964467
ccheques_depositados_avg3	0.00056265479530446	0.00452509686433042	0.00142766497461929
vmr_mpagominimo	0.000560047509950855	0.00199681030535499	0.00190355329949239
Visa_mpagominimo_rank_lag1	0.000559153720750004	0.000985740559559037	0.00210184010152284
tcallcenter	0.000557713085612739	0.000214486180074375	0.000198286802030457
Visa_mfinanciacion_limite_rank_delta2	0.000552873568697673	0.00104791479722937	0.00293464467005076
ctrx_quarter_lag2	0.000533017285001295	0.000848812943064733	0.00206218274111675
mcomisiones_otras_rank_lag1	0.000532368210735812	0.00120294004713629	0.00257772842639594
cliente_antiguedad_lag1	0.000531275208324856	0.00166072025340539	0.0027760152284264
vm_mpagospesos_rank_delta2	0.000527510631028953	0.00170293387370171	0.00198286802030457
vmr_msaldopesos2_avg3	0.000524680366216431	0.000983835177436067	0.00206218274111675
chomebanking_transacciones_lag1	0.000524002845838981	0.00182423912264924	0.00245875634517767
mcomisiones_mantenimiento_rank_lag1	0.00052397391293816	0.00214049225495395	0.00218115482233503
Master_Fvencimiento_lag1	0.000520737326888999	0.00199382984572476	0.00269670050761421
mttarjeta_visa_debitos_automaticos_rank_lag1	0.000518759011899179	0.000775751469434741	0.00210184010152284
Master_mfinanciacion_limite_rank_delta2	0.000518710002383308	0.000811931088278692	0.00261738578680203
vmr_mpagominimo_tend3	0.000510409532438071	0.000883396642655751	0.000951776649746193
Master_mfinanciacion_limite_rank_lag2	0.000508364505228496	0.00169984160531137	0.00245875634517767
vm_mfinanciacion_limite_rank_delta2	0.000505436518916794	0.00229665814653551	0.00293464467005076
vm_mpagominimo_rank_lag2	0.000501706852434109	0.00122519121426191	0.0013880076142132
Visa_mconsumospesos_rank	0.000488208169206471	0.00102560243688086	0.00202252538071066
Visa_mlimitecompra_rank_delta2	0.000488161529966928	0.00146921169143121	0.0027363578680203
mcuentas_saldo_rank_lag1	0.000486503053823849	0.00217602506143197	0.00233978426395939
Visa_mlimitecompra_rank_delta1	0.000481046612767114	0.00205872735665141	0.00281567258883249
ccajas_extracciones_avg3	0.00048044532732898	0.00375940442429299	0.00190355329949239
Master_fultimo_cierre	0.000479089980618478	0.000868319681562693	0.0018242385786802
mautoservicio_rank_avg3	0.000478231853475969	0.00101704876076661	0.00214149746192893
Visa_mconsumospesos_rank_lag1	0.000471183095418675	0.000980861973573693	0.00222081218274112
tcallcenter_avg3	0.000470718559450392	0.00151231313797275	0.00194321065989848
cprestamos_personales_lag2	0.000465452567111275	0.00309790664647566	0.00150697969543147
Master_msaldototal_rank	0.000463697914089284	0.00304278064421763	0.00158629441624365
Visa_mlimitecompra_rank_lag2	0.000463055797372081	0.000579932719096964	0.00170526649746193
Master_mlimitecompra_rank_delta1	0.000459859816403147	0.00136922651101361	0.00285532994923858
Master_mfinanciacion_limite_rank	0.0004597560792567	0.00108675544708007	0.00222081218274112
Master_mfinanciacion_limite_rank_delta1	0.000455456379567029	0.000717042691395476	0.00241909898477157
Visa_fultimo_cierre	0.00045449511853698	0.000830816365888773	0.00186389593908629
Visa_Finiciomora_delta1	0.000452729053983845	0.000488862866740883	0.000118972081218274
vm_Fvencimiento	0.000451748813151481	0.000943789195932239	0.00206218274111675
mcomisiones_rank_tend3	0.000445588191604551	0.00135013134064902	0.00249841370558376
Visa_mpagominimo_rank_lag2	0.000445252118866827	0.00108122733874321	0.00194321065989848
vm_status01_avg3	0.000438036910068547	0.000927072169046878	0.000594860406091371
ctarjeta_debito_avg3	0.000434490632490397	0.00122546037702373	0.00166560913705584
Master_Finiciomora	0.000433452135623781	0.00143612504032872	0.000396573604060914
Visa_Fvencimiento_avg3	0.000432241287542891	0.000547048180467782	0.00190355329949239
vmr_mpagospesos_avg3	0.000431772641640345	0.00124095677395024	0.00174492385786802
Visa_mfinanciacion_limite_rank_delta1	0.000428501838484591	0.00118314132954626	0.00261738578680203
vm_status05_delta1	0.000426970162624388	0.000821688697343829	0.000317258883248731
vmr_mpagospesos_lag1	0.000426220688006516	0.000913512537624786	0.00166560913705584
mcaja_ahorro_dolares_rank_lag2	0.000423009397364543	0.000939231087597051	0.00198286802030457
vmr_mpagominimo_lag1	0.000421756028536483	0.0011865949876272	0.00111040609137056
Visa_mlimitecompra_rank_lag1	0.00041900353357899	0.0010356473918369	0.00170526649746193
cliente_antiguedad_avg3	0.000418274612800269	0.0019508300673521	0.00222081218274112
mprestamos_prendarios_rank_lag2	0.000416280929209253	0.00727933721334954	0.00178458121827411
cmobile_app_trx_lag2	0.000405192480819614	0.00084533926605802	0.00186389593908629
ctrx_quarter_normalizado_tend3	0.000400027182404404	0.000380429787065738	0.00103109137055838
Master_fultimo_cierre_avg3	0.000399469042123407	0.000938597562902375	0.00190355329949239
Master_fechaalta_lag1	0.00039709186167232	0.000939662062723967	0.00210184010152284
Visa_fultimo_cierre_avg3	0.000396475832547918	0.00247520152553851	0.00178458121827411
Master_mlimitecompra_rank_lag1	0.00039588177958938	0.000769122669855895	0.00174492385786802
Visa_msaldopesos_rank_delta1	0.000391834601780321	0.00111663399976319	0.00158629441624365
ccaja_ahorro_avg3	0.000388343773767737	0.00272951741278325	0.00154663705583756
vmr_mpagado_avg3	0.00038696861044969	0.000785710491622071	0.00178458121827411
ctarjeta_visa_debitos_automaticos_lag2	0.000381954343774993	0.000929694648323212	0.00150697969543147
Visa_Finiciomora_avg3	0.000378883514910699	0.00313220527306691	0.000832804568527919
Visa_mconsumospesos_rank_lag2	0.000378141519335685	0.000696065042657055	0.00186389593908629
Master_Fvencimiento_tend3	0.000369469490090181	0.000103253510452079	0.000317258883248731
Visa_Fvencimiento_lag1	0.000368593286744505	0.000594453521212855	0.00166560913705584
mcaja_ahorro_dolares_rank_tend3	0.000366251974760916	0.00138535861810704	0.00107074873096447
mcomisiones_otras_rank_delta1	0.000365770805008172	0.000968366317459853	0.00170526649746193
ccaja_seguridad_lag2	0.000364633888625093	0.000106332840846721	7.93147208121827e-05
Visa_mconsumosdolares_rank_lag2	0.00036281304816326	0.000935027550279058	0.00154663705583756
ccomisiones_otras_lag1	0.000361553280738472	0.000680552473235921	0.0013880076142132
mtransferencias_emitidas_rank_delta2	0.000360738801133569	0.00307868349485634	0.0013880076142132
matm_rank_delta2	0.000359131128413471	0.000773088427793521	0.000832804568527919
ccajas_transacciones_avg3	0.000357106223827842	0.000798664922069795	0.00154663705583756
vmr_msaldopesos2_lag2	0.000354793980969993	0.000533661463609795	0.00174492385786802
mtransferencias_emitidas_rank_lag1	0.00035443516062202	0.00243517967164828	0.00198286802030457
Visa_cconsumos_lag1	0.000354117480444548	0.0008491496806284	0.00150697969543147
Visa_mpagospesos_rank_lag1	0.000353519944750828	0.000895822101401049	0.00198286802030457
Visa_msaldototal_rank_lag2	0.000353168206951159	0.000637354865915553	0.00115006345177665
vmr_mpagominimo_lag2	0.000350391035233275	0.0012593535548039	0.00150697969543147
vm_Fvencimiento_lag2	0.00035018748081158	0.000725653189788122	0.00174492385786802
cproductos_avg3	0.000349725707463822	0.00157273147982174	0.00146732233502538
mtransferencias_recibidas_rank_delta1	0.000346713524557663	0.00210686535511224	0.00190355329949239
mcaja_ahorro_rank_tend3	0.000343630543936537	0.00187108629378268	0.00198286802030457
thomebanking_delta2	0.000343333841121061	0.00149682443390855	0.000753489847715736
ctransferencias_recibidas_lag2	0.000337818168413596	0.000589078833027665	0.00142766497461929
mpayroll_rank_lag1	0.000336996236596075	0.00179654927671106	0.00111040609137056
mtransferencias_recibidas_rank_delta2	0.000336964125098254	0.000774763985655099	0.00194321065989848
Visa_mpagominimo_rank_delta2	0.000335722325114806	0.000688245772636358	0.00170526649746193
ctarjeta_visa_debitos_automaticos_avg3	0.000335659018646204	0.00263218661953677	0.00166560913705584
mextraccion_autoservicio_rank_delta2	0.00033511857919342	0.00249620837218614	0.00130869289340102
vm_Fvencimiento_avg3	0.000333928407010047	0.000684854269386095	0.00162595177664975
ccomisiones_otras_lag2	0.000332520177186773	0.00032903534753945	0.00115006345177665
ccajas_depositos	0.000330327038317398	0.00378744176031828	0.00115006345177665
vm_msaldototal_rank_delta2	0.000329660789902586	0.00189112016818638	0.00122937817258883
vm_cconsumos_avg3	0.000329255451924907	0.00177172327360407	0.0013880076142132
Visa_msaldopesos_rank_delta2	0.000328727414753258	0.000719998761155441	0.00146732233502538
vm_mlimitecompra_rank_delta1	0.000327089797752524	0.00237691270867827	0.00198286802030457
Visa_mconsumototal_rank_delta2	0.000326883179510868	0.000830053723493802	0.0013880076142132
vm_fultimo_cierre_avg3	0.000326827422009178	0.00221702154852504	0.00174492385786802
ccajas_consultas_avg3	0.000324266518588386	0.00318832627712911	0.00150697969543147
vm_cconsumos_lag2	0.000322166718569048	0.000821426528093196	0.0013880076142132
Visa_mpagospesos_rank_lag2	0.000317614599892676	0.000938922586334803	0.00150697969543147
Visa_mpagominimo_rank_delta1	0.000313527562355133	0.000722472191224596	0.00150697969543147
mautoservicio_rank_lag2	0.000306828948033272	0.000653718021134838	0.00150697969543147
Master_mpagominimo_rank	0.000305729443046506	0.00160968458100301	0.000912119289340102
Visa_fultimo_cierre_lag2	0.000305043581889699	0.000533645028858505	0.00146732233502538
ccajas_consultas_delta2	0.000303519762023821	0.00164810378438579	0.000515545685279188
vm_mfinanciacion_limite_rank	0.000303141884883678	0.00069023752462249	0.00122937817258883
vmr_mpagospesos	0.000302561023735296	0.000405741489524684	0.000912119289340102
tcallcenter_delta2	0.00030198327410249	0.000307689228180351	0.000198286802030457
mcaja_ahorro_dolares_rank_lag1	0.000301909366054435	0.000772255675448898	0.00150697969543147
ctrx_quarter_tend3	0.000301472943912421	0.00100914801634058	0.00126903553299492
mcomisiones_rank_delta1	0.00030145593922372	0.000937542504320887	0.00158629441624365
mcomisiones_mantenimiento_rank_delta1	0.000301120973737244	0.000317253816336719	0.000515545685279188
Master_mlimitecompra_rank_lag2	0.000299969788839391	0.000595095962634295	0.00158629441624365
chomebanking_transacciones_delta2	0.00029660543188878	0.000700994593855176	0.00146732233502538
vm_mfinanciacion_limite_rank_delta1	0.000295869464461617	0.00100512998190683	0.00186389593908629
vm_msaldototal_rank_lag2	0.00029514044777637	0.00136396135869739	0.00111040609137056
vm_msaldopesos_rank_delta2	0.000294897285357518	0.000999264786330743	0.00115006345177665
vm_cconsumos_lag1	0.000294452991149186	0.00186330959676133	0.00122937817258883
cprestamos_personales_delta1	0.000293663492466157	0.00108013757486246	0.00027760152284264
vm_fechaalta_avg3	0.000292078732831417	0.000747482560770261	0.00107074873096447
ccallcenter_transacciones	0.000291988864204327	0.000990507074527605	0.000555203045685279
vmr_mconsumospesos_lag2	0.000289559201267176	0.000386678227054887	0.00107074873096447
ccaja_ahorro_lag2	0.000289349789791377	0.00394284763207157	0.00115006345177665
ctrx_quarter_normalizado_lag2	0.000289049255878659	0.000785832266135619	0.00122937817258883
Visa_cconsumos	0.000288816491213252	0.000471101096703035	0.00122937817258883
vmr_mconsumospesos_lag1	0.000288728498466106	0.00061802576260175	0.00115006345177665
ccallcenter_transacciones_delta1	0.000288039802682259	0.0012124509600943	0.000475888324873097
Visa_status_delta2	0.00028711256749869	0.00288533441557546	0.000793147208121827
mcaja_ahorro_dolares_rank_avg3	0.000285132337286452	0.000557571666426814	0.0013880076142132
vm_fechaalta_lag1	0.000283619513936741	0.000594992546087613	0.00130869289340102
vm_mlimitecompra_rank_lag2	0.000282682965272416	0.000476155307238069	0.00118972081218274
Visa_cconsumos_lag2	0.000282295545094892	0.000676316153834237	0.00115006345177665
vm_status04_tend3	0.000282023699383754	0.000433406246241474	0.000237944162436548
vmr_mconsumospesos	0.000281387455425025	0.000642003452801726	0.00118972081218274
ccajas_consultas	0.000279063509060581	0.00331586125842336	0.00111040609137056
cdescubierto_preacordado_lag1	0.000278316527977367	0.000487788051490291	0.000674175126903553
ccallcenter_transacciones_tend3	0.000277927418997619	0.000500968896862702	0.00027760152284264
ctransferencias_recibidas_lag1	0.000277752158607151	0.000808622108460439	0.00118972081218274
Master_fechaalta_avg3	0.000274832235916925	0.000585882885833976	0.0013880076142132
vm_Finiciomora_tend3	0.000273039210784042	0.00108553132036563	0.000356916243654822
vm_fultimo_cierre	0.000271747956587774	0.00054555550292375	0.00134835025380711
mtransferencias_emitidas_rank_lag2	0.000271435148125899	0.00254637160406791	0.00186389593908629
vmr_msaldopesos	0.000270654059482224	0.000560088368846439	0.000951776649746193
vm_fultimo_cierre_delta2	0.00026990716451674	0.000359723311723604	0.000515545685279188
ctarjeta_visa_debitos_automaticos	0.000268607997019178	0.000514322656799219	0.00118972081218274
Visa_cconsumos_delta2	0.000266568369526373	0.00076900972465022	0.000713832487309645
Visa_mpagospesos_rank_delta1	0.000262382131249886	0.00141223564320748	0.00142766497461929
Visa_msaldototal_rank_delta1	0.000261347820924392	0.000781974645364726	0.00118972081218274
vmr_mpagospesos_delta1	0.000259903200070872	0.00255143717905863	0.0013880076142132
Master_mfinanciacion_limite_rank_lag1	0.000259728725085279	0.000522106522169531	0.00126903553299492
vm_mconsumospesos_rank	0.000258703218854448	0.00230249790321466	0.00115006345177665
ctarjeta_master	0.000258077623133927	3.40324360716818e-05	0.000118972081218274
mcuenta_debitos_automaticos_rank_lag2	0.000256830437472111	0.00133830129196243	0.00118972081218274
mttarjeta_visa_debitos_automaticos_rank	0.00025457659855851	0.00139481332071888	0.00111040609137056
ccajas_consultas_delta1	0.000253329416624734	0.0012440755302642	0.000436230964467005
vm_status01_delta2	0.000252578657918355	0.00172178610697143	0.000515545685279188
vmr_msaldototal_lag1	0.000251191426188476	0.000943509717741418	0.000912119289340102
vmr_mconsumosdolares	0.000247842730238285	0.0012712265261654	0.000753489847715736
ctarjeta_visa_transacciones_tend3	0.000247426664016617	0.00126759654418365	0.000594860406091371
vm_status02_tend3	0.000247281148540732	0.00182753979767296	0.000594860406091371
mextraccion_autoservicio_rank_lag2	0.000247195228537353	0.00202975577495039	0.00130869289340102
ctarjeta_debito_transacciones_delta1	0.000247189594862759	0.00417249565698104	0.00170526649746193
ctarjeta_debito_transacciones_avg3	0.000247059389161262	0.000609804103431115	0.00122937817258883
ctarjeta_master_transacciones	0.000246035341880997	0.000527995845359214	0.000158629441624365
vmr_mpagospesos_lag2	0.00024529744007861	0.00163616411241134	0.00134835025380711
ccomisiones_otras_tend3	0.00024515957024238	0.00108316060749204	0.000515545685279188
Visa_fultimo_cierre_lag1	0.000245090191972906	0.000625859631577051	0.00115006345177665
mtarjeta_visa_consumo_rank_tend3	0.000242303557836512	0.000539098394044552	0.000753489847715736
mtarjeta_visa_consumo_rank_delta2	0.000242139669576462	0.00039752463839299	0.000832804568527919
chomebanking_transacciones_tend3	0.000239317160625436	0.0009930188814894	0.000991434010152284
ctarjeta_visa_transacciones_avg3	0.00023807143449137	0.000364746226296074	0.000912119289340102
ctransferencias_recibidas	0.000237500538627525	0.000840742168897964	0.00115006345177665
vm_mpagospesos_rank_lag2	0.000236749052196043	0.000499726761856955	0.000912119289340102
Master_fultimo_cierre_lag2	0.000233632232561504	0.000497949885502051	0.00118972081218274
ctarjeta_debito_transacciones_lag1	0.000230764143938219	0.00058743990368093	0.000912119289340102
ctrx_quarter_avg3	0.000229633269869543	0.000490039699835919	0.00107074873096447
vm_msaldopesos_rank_delta1	0.000227098342873868	0.0010810768908338	0.00103109137055838
mtransferencias_emitidas_rank_delta1	0.000226859122640797	0.00250084358398217	0.000951776649746193
vmr_msaldopesos2_lag1	0.000223758516893976	0.000417379041815847	0.00107074873096447
vmr_msaldodolares2_avg3	0.000221681662216645	0.00228535986695582	0.00150697969543147
vm_cconsumos_delta1	0.000218214159060564	0.000986222499898729	0.000515545685279188
Master_mpagominimo_rank_delta2	0.000216195766764512	0.00323899618889639	0.00122937817258883
vmr_msaldototal	0.000214742723055043	0.000766024544399938	0.00087246192893401
Visa_msaldototal_rank_delta2	0.000213992368421625	0.000712521298994021	0.000991434010152284
Visa_mconsumosdolares_rank	0.00021317967564729	0.000580001780019938	0.000912119289340102
Visa_mconsumospesos_rank_delta2	0.000212779868632511	0.000505985692112885	0.00107074873096447
ctransferencias_emitidas	0.000212313467615989	0.000561760429952424	0.000674175126903553
cextraccion_autoservicio_avg3	0.000206259010309498	0.000394655200752857	0.000912119289340102
vmr_mpagominimo_delta1	0.000203680495067454	0.000610489642365246	0.000912119289340102
mtarjeta_visa_consumo_rank_delta1	0.000202999329365666	0.000735074148708482	0.000793147208121827
ctarjeta_visa_transacciones_lag2	0.000202703807243831	0.00081182749689423	0.00103109137055838
cmobile_app_trx_tend3	0.000202374640118126	0.00150163509541648	0.00111040609137056
mtarjeta_visa_consumo_rank_avg3	0.000201113891776053	0.000823718126871482	0.00107074873096447
ctarjeta_debito_transacciones	0.000199874094833671	0.000357769149860103	0.000753489847715736
Visa_msaldototal_rank_lag1	0.000199826692569144	0.000342463938045671	0.000674175126903553
vm_mconsumospesos_rank_lag2	0.000199314743172601	0.000691402468748508	0.000793147208121827
ctrx_quarter_normalizado_lag1	0.000199231997269275	0.000366332616890015	0.000832804568527919
vmr_Visa_mlimitecompra	0.000198867914064384	0.00043775122732323	0.000951776649746193
ctarjeta_debito_transacciones_tend3	0.000198845536502903	0.00100824742693744	0.000594860406091371
Visa_msaldopesos_rank_lag2	0.000197957928988963	0.000570209640493314	0.000793147208121827
cmobile_app_trx_delta2	0.000196639624772452	0.000405520844246726	0.000951776649746193
vm_msaldototal_rank_delta1	0.000196269880108509	0.00175460770399993	0.00115006345177665
vm_status05_tend3	0.000195420261604116	0.000264629043354813	0.000158629441624365
vm_mlimitecompra_rank	0.000193805880685927	0.000417277723322521	0.000951776649746193
vmr_Visa_mlimitecompra_avg3	0.000192252653747462	0.000571329039377725	0.00107074873096447
Master_fultimo_cierre_lag1	0.000192107305101377	0.00034976630017074	0.00087246192893401
catm_trx_other_avg3	0.000192083268748396	0.000542509216869469	0.000991434010152284
cseguro_accidentes_personales_avg3	0.000191334776504075	0.00144155847400788	0.000912119289340102
vm_Fvencimiento_delta2	0.000190976670279683	7.59437618469326e-05	0.000198286802030457
vmr_mpagado	0.000188227485169508	0.00163267408807222	0.000793147208121827
vm_fultimo_cierre_lag1	0.000188103659431681	0.000329115510661434	0.00087246192893401
vm_cconsumos	0.000185817386195275	0.000372025509834226	0.000793147208121827
vmr_msaldopesos2_delta1	0.000184053550171388	0.00121767485069451	0.00111040609137056
vmr_Visa_mlimitecompra_lag2	0.00018321302202709	0.000436362753095889	0.00087246192893401
cseguro_accidentes_personales_lag2	0.000180516354565243	0.000646622666940912	0.000555203045685279
Visa_cconsumos_tend3	0.000179817075993596	0.000242420798904104	0.000753489847715736
cpagomiscuentas_avg3	0.000179408236733734	0.00111934302374047	0.00115006345177665
vmr_msaldopesos_lag1	0.0001778130524966	0.00100097758463939	0.000555203045685279
Master_cconsumos_avg3	0.000177661642057101	0.000451413138846436	0.000713832487309645
ctarjeta_master_transacciones_delta1	0.000177435922642121	0.00179687491207572	0.000515545685279188
Visa_fechaalta_delta2	0.000177339764554861	8.95488510917416e-05	0.000118972081218274
mtarjeta_visa_consumo_rank_lag1	0.00017628494185447	0.000579162209001907	0.000832804568527919
vm_msaldopesos_rank_lag1	0.000175569160180735	0.000405655032242631	0.000674175126903553
cforex_buy_avg3	0.000174069992924538	0.00303944351551685	0.000912119289340102
vmr_mpagosdolares_avg3	0.000173771875900301	0.0017342203950246	0.00146732233502538
vmr_Master_mlimitecompra_lag2	0.000173030159741902	0.000330739141702447	0.000832804568527919
vmr_Visa_mlimitecompra_lag1	0.000172895640493479	0.000507980766016831	0.000713832487309645
vmr_mconsumospesos_delta2	0.000172165319276445	0.000377109267954026	0.000634517766497462
Visa_mconsumototal_rank_delta1	0.000171466604803886	0.000211950595174543	0.000793147208121827
vmr_msaldopesos2_tend3	0.000170120117151883	0.000462745948887613	0.000753489847715736
mautoservicio_rank_tend3	0.000169876940070113	0.000526833261543222	0.000713832487309645
mautoservicio_rank_delta2	0.00016979865086413	0.000645700485071982	0.000793147208121827
vmr_msaldototal_delta1	0.000169296965286596	0.00141439628848878	0.00087246192893401
mttarjeta_visa_debitos_automaticos_rank_delta1	0.00016787046198483	0.000786339033440026	0.000832804568527919
vmr_mconsumosdolares_avg3	0.000167233123356988	0.00116067528678941	0.00103109137055838
vmr_msaldopesos_delta1	0.000165322522684136	0.000819751319907178	0.000753489847715736
Master_mpagospesos_rank_lag2	0.000164180707562994	0.00145599264400394	0.000832804568527919
ccomisiones_otras_delta2	0.000164028520619316	0.000396764705983605	0.000991434010152284
ccomisiones_mantenimiento	0.000163753353270933	0.000234713687319072	0.000317258883248731
Visa_msaldopesos_rank_lag1	0.000163341222151548	0.000257590249182613	0.000634517766497462
vm_fultimo_cierre_tend3	0.00016280986933082	0.000320721024345584	0.000396573604060914
ctransferencias_emitidas_delta2	0.000162224664316562	0.000488267981195516	0.000475888324873097
mpayroll_sobre_edad_rank_lag1	0.00016172955559615	0.000499687423356526	0.000793147208121827
Master_msaldopesos_rank	0.000161316821186655	0.000803808037615797	0.000436230964467005
vm_mfinanciacion_limite_rank_lag2	0.000160968907610654	0.000300908057476512	0.000674175126903553
Master_msaldopesos_rank_lag1	0.000159933012543315	0.000626875001982551	0.000674175126903553
vmr_mconsumospesos_avg3	0.000157268561313919	0.000573210818400438	0.000832804568527919
Visa_mconsumosdolares_rank_lag1	0.000156170826074451	0.000457783353349132	0.000991434010152284
mautoservicio_rank_lag1	0.000155243281556743	0.000401240203467893	0.000912119289340102
vm_fultimo_cierre_lag2	0.000153241953759037	0.000238109823770496	0.000832804568527919
vm_mpagominimo_rank_delta2	0.00015318144165464	0.000272971078336758	0.000674175126903553
Visa_cconsumos_delta1	0.00015227572127084	0.000641348248222369	0.00087246192893401
ccuenta_debitos_automaticos	0.000148741407998999	0.000176602067716309	0.000475888324873097
vmr_msaldototal_lag2	0.00014781737184675	0.000507703123622696	0.000634517766497462
Master_mpagospesos_rank	0.000147103638917524	0.000511575518185973	0.000555203045685279
vm_msaldopesos_rank_lag2	0.000146511815140642	0.000337527655593032	0.000515545685279188
vmr_Master_mlimitecompra_avg3	0.00014626727191853	0.000294977997084164	0.000713832487309645
vm_mfinanciacion_limite_rank_lag1	0.000144785838763305	0.000195335323876957	0.000555203045685279
vmr_Master_mlimitecompra_lag1	0.000144378648415637	0.00057826616538104	0.000713832487309645
matm_other_rank_lag1	0.000143503429872564	0.00108971920970235	0.000753489847715736
ctransferencias_recibidas_delta2	0.000142914830809705	0.000470843123559115	0.000674175126903553
vmr_msaldopesos_lag2	0.000141013331215064	0.0004305810425596	0.000594860406091371
ccuenta_debitos_automaticos_lag2	0.000137905618425549	0.000166586922601701	0.000515545685279188
mpayroll_sobre_edad_rank_lag2	0.000137756869247569	0.000340604625677647	0.000555203045685279
vm_mlimitecompra_rank_lag1	0.000136318204542666	0.00026116087373816	0.000515545685279188
Master_msaldototal_rank_delta1	0.000135842401105782	0.00099759735842592	0.000594860406091371
Master_mconsumospesos_rank_lag1	0.000135688439009148	0.000435600372957588	0.000594860406091371
Visa_Finiciomora_tend3	0.000135112027696184	6.25814348592113e-05	3.96573604060914e-05
Master_delinquency	0.000134658317744115	0.000198921508994895	0.000198286802030457
ccuenta_debitos_automaticos_avg3	0.000134524093756478	0.000216181756861727	0.000594860406091371
Visa_fultimo_cierre_delta2	0.000133829010721306	0.000139865240868513	0.000356916243654822
tcuentas_avg3	0.000133755127301616	0.00452984021329318	0.00111040609137056
mautoservicio_rank_delta1	0.00013339524513206	0.00106636062008022	0.000753489847715736
vmr_mconsumospesos_tend3	0.000133237217873324	0.000346317887223191	0.000713832487309645
Master_status_tend3	0.000132678047641846	7.99744720197108e-05	0.00027760152284264
mprestamos_prendarios_rank_lag1	0.000131278886556035	0.000980817914453213	0.000237944162436548
tcuentas_lag2	0.00013126372554843	0.00241321357752243	0.000634517766497462
cinversion1_lag1	0.000130743139587489	0.00196163582890643	0.000475888324873097
vm_status02_delta1	0.000130396444521437	0.000161678789031591	3.96573604060914e-05
vmr_Master_mlimitecompra	0.000130315514360104	0.000486540234256703	0.000674175126903553
vm_msaldototal_rank_lag1	0.000130244161114718	0.00061195871680902	0.000436230964467005
Master_msaldopesos_rank_lag2	0.000129989788774738	0.000410289894363099	0.000555203045685279
cpagomiscuentas	0.000129573513565833	0.000340908318900954	0.000436230964467005
ccomisiones_otras_delta1	0.000129512883329161	0.000221474271290467	0.000634517766497462
ctarjeta_visa_debitos_automaticos_lag1	0.00012905954301228	0.000342512018435083	0.000634517766497462
mpayroll_rank_lag2	0.000128515606471358	0.000225375514087391	0.000396573604060914
Master_cconsumos	0.000127888124362481	0.000122895223715953	0.000317258883248731
mpagomiscuentas_rank_lag1	0.000126898162478815	0.000834217222960248	0.000753489847715736
ccaja_seguridad_lag1	0.000124895396076985	9.31147550272365e-05	3.96573604060914e-05
ctarjeta_visa_debitos_automaticos_delta2	0.000123821335011389	0.000940475845169494	0.000515545685279188
ctrx_quarter_lag1	0.000122424247461554	0.000253021126067306	0.000515545685279188
vmr_msaldopesos_avg3	0.000121543043509116	0.000547889237606939	0.000436230964467005
Master_mpagominimo_rank_lag1	0.000121081567303639	0.000850515688201052	0.000436230964467005
ctransferencias_recibidas_delta1	0.000120859833163664	0.000365729076874554	0.000594860406091371
matm_other_rank	0.000120623728547015	0.00191735265381202	0.000594860406091371
vm_status05_delta2	0.000119012433770429	0.000401956601270138	0.000198286802030457
vm_mconsumototal_rank_delta2	0.000118543726285318	0.000350477540258484	0.000594860406091371
ctarjeta_debito_lag1	0.00011689281101558	0.000203141918158628	0.000436230964467005
mpayroll_sobre_edad_rank_delta1	0.000116609316017532	0.000923083769616783	0.000515545685279188
cproductos_lag2	0.000115863119849888	0.000404952096949422	0.000555203045685279
catm_trx_lag2	0.000115378280691997	0.000478859348338624	0.000436230964467005
ctarjeta_debito_delta2	0.000114636859794384	0.00183369574847665	0.000475888324873097
ctransferencias_recibidas_tend3	0.000114135268012013	0.000851810099702924	0.000555203045685279
Master_status_avg3	0.000113954302228777	0.000751987693258205	0.000237944162436548
Master_mconsumototal_rank_lag2	0.00011384240472847	0.000515487775763017	0.000396573604060914
vmr_mconsumospesos_delta1	0.000113677715254325	0.000326505969380797	0.000674175126903553
ctarjeta_debito	0.000113096013048416	0.000245091445988739	0.000436230964467005
vm_mconsumosdolares_rank_lag2	0.000112251898995422	0.000532332696484215	0.000475888324873097
vmr_msaldodolares_avg3	0.000111991696047123	0.000716811206175177	0.000674175126903553
ctarjeta_debito_transacciones_delta2	0.000111379756790371	0.00054543495227466	0.000475888324873097
Visa_mconsumototal_rank_lag2	0.000111080740376429	0.000188796303497978	0.000356916243654822
tcallcenter_delta1	0.000110927694259279	0.000546669569255881	0.000237944162436548
ctarjeta_visa_transacciones_lag1	0.00011035919161086	0.000188188654794695	0.000555203045685279
vmr_msaldototal_avg3	0.000109772653076612	0.000119444537877268	0.00027760152284264
vmr_mpagospesos_delta2	0.000109564800702188	0.000499969611532932	0.000634517766497462
mpagomiscuentas_rank_lag2	0.000107520451682838	0.000231963401625791	0.000674175126903553
mtarjeta_master_consumo_rank_lag1	0.000106430124453955	0.00255916238635385	0.000753489847715736
vmr_msaldopesos2_delta2	0.000106258110627321	0.000376572690808183	0.000555203045685279
ccajas_depositos_avg3	0.000103156794222831	0.000837145668351025	0.000396573604060914
Visa_Fvencimiento_delta2	0.000102494168251509	0.000184084862430009	0.000436230964467005
cproductos_lag1	0.00010240908598537	0.000505212996545582	0.000475888324873097
Master_cconsumos_tend3	0.000102055025243834	0.000483480223436717	0.000475888324873097
matm_other_rank_lag2	0.000101068115972709	0.00111147261366921	0.000594860406091371
Visa_delinquency_lag1	9.9800236425582e-05	0.000149786410676542	0.000118972081218274
ctarjeta_debito_transacciones_lag2	9.97657431061581e-05	0.000206755028294637	0.000436230964467005
Visa_mconsumototal_rank_lag1	9.95313228180845e-05	0.000264930114011424	0.000515545685279188
Master_cconsumos_lag2	9.94147074828665e-05	0.000645546015893633	0.000594860406091371
vm_mconsumosdolares_rank	9.87713692732824e-05	0.000333754481469724	0.000317258883248731
Visa_mconsumototal_rank	9.86126267106615e-05	0.000174042355202881	0.000396573604060914
mtarjeta_visa_consumo_rank_lag2	9.76031280904214e-05	0.000332494513010449	0.000555203045685279
matm_other_rank_delta2	9.745803389182e-05	0.00101590776941641	0.000515545685279188
Master_fultimo_cierre_delta1	9.61028533616237e-05	0.000160880304891785	0.000396573604060914
Master_msaldototal_rank_lag1	9.60747115043396e-05	0.000381771142511455	0.000436230964467005
cextraccion_autoservicio	9.60699336013804e-05	0.000443193228053598	0.000515545685279188
ccuenta_debitos_automaticos_tend3	9.57639946361353e-05	0.000337582991750301	0.000158629441624365
ccajas_transacciones_delta2	9.53473048691574e-05	0.00114682594916639	0.000475888324873097
Visa_status	9.50873933604033e-05	0.000410977881026146	0.000158629441624365
vm_mconsumospesos_rank_lag1	9.46472292425092e-05	0.000139517313686947	0.000436230964467005
vm_Fvencimiento_tend3	9.43972093428973e-05	0.000113656096086462	0.000237944162436548
ccajas_otras_lag1	9.4351768633338e-05	0.00175321442173364	0.000555203045685279
ccajas_extracciones	9.35626946206915e-05	0.00160571655017424	0.000515545685279188
mtarjeta_master_consumo_rank_delta2	9.23350845253193e-05	0.00129111799519755	0.000515545685279188
cmobile_app_trx_delta1	9.02732663390502e-05	0.00111257295523564	0.000555203045685279
Visa_mconsumospesos_rank_delta1	8.94216466226612e-05	0.000138393369020264	0.000555203045685279
Master_fechaalta_delta2	8.90679176767054e-05	4.93732273742793e-05	0.000118972081218274
cseguro_vida_avg3	8.89331370926627e-05	0.000685824706482218	0.000356916243654822
Visa_delinquency_delta2	8.89058098121688e-05	4.54784535752035e-05	0.000118972081218274
Visa_fultimo_cierre_delta1	8.85707973057857e-05	0.000124221980207066	0.000436230964467005
Visa_fechaalta_tend3	8.81254638873087e-05	8.14892665428717e-05	0.000158629441624365
vm_mpagado_rank_delta2	8.76186383092583e-05	0.00016967857905981	0.000317258883248731
mcuenta_debitos_automaticos_rank_lag1	8.74566659589841e-05	0.000378312064459345	0.000555203045685279
Master_mpagospesos_rank_delta2	8.62331756276691e-05	0.00162880755057457	0.000594860406091371
cinversion1_avg3	8.49304683559091e-05	0.0024319242796095	0.000594860406091371
Master_msaldototal_rank_delta2	8.46995052659428e-05	0.000410118903014571	0.000356916243654822
cforex_avg3	8.45246344556789e-05	0.000652861927946627	0.000436230964467005
vm_mconsumospesos_rank_delta2	8.44712615541469e-05	0.000254206526213547	0.000555203045685279
Master_mpagospesos_rank_lag1	8.30407519780231e-05	0.00024213196689207	0.000515545685279188
ccheques_emitidos_lag2	8.2824948963652e-05	0.00408674131022172	0.000991434010152284
cpagomiscuentas_delta2	8.14729031764709e-05	0.00126324369540181	0.000436230964467005
cpagomiscuentas_lag1	8.14505142910682e-05	0.000344515134876894	0.000515545685279188
Master_msaldototal_rank_lag2	8.11392221862563e-05	0.000105974598236153	0.000436230964467005
ctransferencias_emitidas_lag1	8.10126239981114e-05	0.00022745136304555	0.000475888324873097
mv_status07_rank	8.01604224278434e-05	0.000158749731708586	0.000118972081218274
catm_trx_avg3	8.00186170975954e-05	0.000177060754631303	0.000475888324873097
ccajas_consultas_tend3	7.99460809916446e-05	0.00071634876024792	0.000198286802030457
ctarjeta_visa_debitos_automaticos_delta1	7.89429794437865e-05	0.000203977642745506	0.000198286802030457
vm_mconsumototal_rank	7.84823323544568e-05	0.000535041545623711	0.000356916243654822
ccajas_transacciones_lag1	7.82409275830124e-05	0.000243233444904063	0.00027760152284264
mpagomiscuentas_rank_delta2	7.74073344323514e-05	0.000589410500295721	0.000436230964467005
Master_msaldopesos_rank_delta2	7.7027951536759e-05	0.000263419340757196	0.00027760152284264
mpagomiscuentas_rank_delta1	7.5638253195662e-05	0.00101129790909844	0.000475888324873097
ctarjeta_debito_lag2	7.52631184485122e-05	0.000232604619182773	0.000436230964467005
vmr_mpagospesos_tend3	7.43723582241505e-05	0.000274163996507525	0.000436230964467005
Visa_mpagado_rank_delta2	7.39770773806003e-05	0.00101062434655221	0.000475888324873097
vmr_mconsumosdolares_lag1	7.35923757366123e-05	0.000288693365674621	0.000436230964467005
Visa_mpagado_rank	7.30262030667362e-05	0.000190142117307076	0.000237944162436548
vm_mpagospesos_rank_delta1	7.26377852656464e-05	0.000523637926281762	0.000396573604060914
Master_mconsumospesos_rank_lag2	7.22948450817142e-05	0.000204583193395433	0.000396573604060914
vmr_mconsumototal_avg3	7.20488324525455e-05	8.20321378487829e-05	0.00027760152284264
Visa_mpagosdolares_rank_lag1	7.19523966262883e-05	0.00052323265230846	0.000317258883248731
Visa_mconsumosdolares_rank_delta2	7.16119236593803e-05	0.000377796730103734	0.000475888324873097
vm_mpagominimo_rank_delta1	7.11918986944116e-05	0.000214631033174841	0.000515545685279188
ctarjeta_debito_tend3	7.04239869953316e-05	0.000766644256910019	0.000198286802030457
vmr_msaldopesos_tend3	6.885575182901e-05	0.000354783095420922	0.000396573604060914
vmr_msaldototal_delta2	6.83444447388487e-05	0.000483455920985341	0.000396573604060914
Visa_mconsumosdolares_rank_delta1	6.71900492876996e-05	0.000446119138296568	0.000396573604060914
cinversion2_lag2	6.71836814221827e-05	0.00179816617649756	0.000436230964467005
Visa_Finiciomora_lag1	6.62309516626961e-05	0.000893237649341796	0.00027760152284264
vmr_mconsumototal_lag2	6.62013279094206e-05	0.000100849753238128	0.000356916243654822
ccuenta_debitos_automaticos_delta2	6.40858078628447e-05	0.000417013018924083	0.000158629441624365
cextraccion_autoservicio_delta2	6.32915749881278e-05	4.86883877912668e-05	0.000118972081218274
Master_mpagominimo_rank_delta1	6.20841209150631e-05	8.07621162171762e-05	0.00027760152284264
vmr_mpagado_lag2	6.12540712666407e-05	0.000130969931732765	0.000317258883248731
vmr_msaldototal_tend3	6.11531228806876e-05	0.000126658169829149	0.000317258883248731
vm_status01_tend3	6.04367759894532e-05	0.000384097184332338	0.000158629441624365
ctarjeta_master_transacciones_delta2	5.92052894778499e-05	0.00055325841840207	0.000198286802030457
vm_mconsumototal_rank_delta1	5.90115294333487e-05	0.000276377705054963	0.00027760152284264
mforex_buy_rank_lag1	5.85585397386514e-05	0.0021251054813153	0.000515545685279188
cpayroll_trx_lag1	5.80397005509598e-05	9.74860491948344e-05	0.000317258883248731
active_quarter_avg3	5.77047327810594e-05	0.000324418843385849	0.000198286802030457
Visa_msaldodolares_rank	5.70878368152187e-05	0.000146493078839571	0.000198286802030457
vm_fultimo_cierre_delta1	5.68502849733519e-05	0.000132145715801124	0.000198286802030457
vmr_msaldopesos_delta2	5.6168749238815e-05	0.000276136866013452	0.000436230964467005
catm_trx	5.55355379956692e-05	0.000458001550898175	0.000317258883248731
Master_mpagospesos_rank_delta1	5.51553555286485e-05	0.000861971234363566	0.000475888324873097
vm_mpagado_rank_lag2	5.48507450039388e-05	0.000295740726898024	0.00027760152284264
vm_mconsumosdolares_rank_lag1	5.48297818609216e-05	9.6765979799216e-05	0.000237944162436548
ccajas_extracciones_lag2	5.48187807870069e-05	0.000718841684729509	0.00027760152284264
vm_mconsumototal_rank_lag2	5.47938157792048e-05	0.000102527583990842	0.000317258883248731
cplazo_fijo_tend3	5.47049842230067e-05	0.000651912646221846	0.000158629441624365
vm_cconsumos_tend3	5.37037370023591e-05	0.000234168892797584	0.000198286802030457
vmr_mconsumototal_lag1	5.35373150496684e-05	7.42861248577719e-05	0.00027760152284264
mextraccion_autoservicio_rank_delta1	5.31632405105594e-05	0.000513648220064098	0.000317258883248731
Master_mpagominimo_rank_lag2	5.30908385208559e-05	0.000215535206752464	0.000317258883248731
mplazo_fijo_dolares_rank_delta2	5.21166655399715e-05	0.000963380730753344	0.00027760152284264
mcuenta_debitos_automaticos_rank_delta1	5.20770998490106e-05	0.000239797445438872	0.000237944162436548
mextraccion_autoservicio_rank_lag1	5.1623739633715e-05	0.000282331368547569	0.000356916243654822
cpayroll_trx_tend3	5.1484569981309e-05	0.000182404933623939	0.000118972081218274
cdescubierto_preacordado_lag2	5.14491867786822e-05	0.000119892297431033	0.000158629441624365
cplazo_fijo_avg3	5.11568920212743e-05	0.000391173131532719	0.000198286802030457
vmr_mconsumosdolares_lag2	5.10943478087479e-05	0.000658504642448069	0.00027760152284264
thomebanking_delta1	5.10888027217098e-05	0.0005384681038488	0.000237944162436548
Master_Finiciomora_tend3	5.08152573970306e-05	0.000247063878400217	7.93147208121827e-05
mcheques_emitidos_rank_lag2	5.00856178521526e-05	0.00113637388444036	0.00027760152284264
ctarjeta_master_descuentos_avg3	4.93275721319382e-05	0.00173276539502209	0.000436230964467005
cseguro_accidentes_personales	4.89130476107259e-05	0.000400212681836704	0.000237944162436548
Visa_mpagado_rank_lag1	4.86208896723945e-05	0.00010283014076858	0.000158629441624365
mprestamos_prendarios_rank_avg3	4.85805798646037e-05	0.00048945172038285	0.000118972081218274
Visa_status_delta1	4.84404212097252e-05	0.000162363890871273	0.000118972081218274
Master_fultimo_cierre_delta2	4.78496233895145e-05	7.39916980367881e-05	0.000237944162436548
Master_delinquency_avg3	4.75257006844034e-05	0.000312916702955049	0.000118972081218274
ccajas_depositos_lag1	4.73699755975447e-05	0.00100782720433398	0.000317258883248731
Master_msaldopesos_rank_delta1	4.72916930903833e-05	0.000302224935633074	0.000237944162436548
matm_rank_lag1	4.67357021177799e-05	0.000345646073054764	0.00027760152284264
ctransferencias_emitidas_delta1	4.64493530253328e-05	0.000386334670817812	0.00027760152284264
cseguro_vida_lag2	4.5901641470874e-05	0.000487926697849578	0.000198286802030457
mv_status07_rank_lag2	4.54414641146134e-05	5.23688104724531e-05	3.96573604060914e-05
cseguro_vivienda_avg3	4.50933158584798e-05	6.6950106460114e-05	0.000158629441624365
Visa_mpagado_rank_lag2	4.49684041425339e-05	0.000217521713605206	0.000198286802030457
Master_fultimo_cierre_tend3	4.49546931561761e-05	6.18743908781791e-05	0.000198286802030457
ctarjeta_debito_delta1	4.41417697517663e-05	0.00147122687167982	0.000356916243654822
vm_mconsumospesos_rank_delta1	4.36719915735013e-05	0.000243944772410698	0.000237944162436548
mtarjeta_master_consumo_rank_lag2	4.352867452294e-05	7.04598874683311e-05	0.000198286802030457
ccuenta_debitos_automaticos_lag1	4.32773822431976e-05	7.55314069435536e-05	0.000158629441624365
Visa_status_avg3	4.32054676015531e-05	0.000304760345695126	0.000118972081218274
matm_rank_delta1	4.22199318336507e-05	0.000105033359049237	0.000237944162436548
vm_status01_delta1	4.21202813183032e-05	0.000552457311695569	0.000158629441624365
Visa_Fvencimiento_tend3	4.15155704519541e-05	8.92256634560003e-05	0.000198286802030457
Visa_msaldodolares_rank_lag2	4.10986741515474e-05	0.000286588843320594	0.000198286802030457
mtarjeta_master_consumo_rank_avg3	4.0699174750874e-05	9.45405571205395e-05	0.000198286802030457
Visa_msaldodolares_rank_lag1	4.04904246294121e-05	0.000318821761544903	0.000158629441624365
cseguro_auto_avg3	4.03439219684742e-05	0.00179816617649756	0.000436230964467005
catm_trx_other	3.93762028776349e-05	9.17471739145675e-05	0.000158629441624365
ctarjeta_visa_descuentos_tend3	3.8852526930549e-05	0.00130775721927095	0.000317258883248731
vm_status05	3.86736544419022e-05	1.54036454843931e-05	3.96573604060914e-05
mextraccion_autoservicio_rank	3.84093098040093e-05	0.000199606435996798	0.000317258883248731
mtarjeta_visa_descuentos_rank_delta2	3.80675414596226e-05	0.000214716266592436	0.000158629441624365
cprestamos_personales_lag1	3.76070856187568e-05	0.000299796788548856	0.000198286802030457
Master_mconsumospesos_rank_delta1	3.71398425078482e-05	4.80100172061024e-05	0.000198286802030457
thomebanking_lag1	3.68164264434044e-05	5.45680074841773e-05	0.000198286802030457
thomebanking_tend3	3.68041869145254e-05	0.00015330152423704	0.000158629441624365
Master_mconsumospesos_rank_delta2	3.62582090851756e-05	5.25492430610844e-05	0.000158629441624365
Master_cconsumos_lag1	3.61776834162079e-05	0.000118659953340947	0.000158629441624365
vmr_msaldodolares2_lag2	3.58245489062668e-05	0.000387093291943851	0.000158629441624365
Master_mconsumototal_rank_delta2	3.56386826141486e-05	5.93326866560587e-05	0.000198286802030457
matm_rank	3.4728176195602e-05	0.000111452615549135	0.000198286802030457
ctransferencias_emitidas_lag2	3.46422626463927e-05	0.000129931744997016	0.000237944162436548
ctarjeta_master_transacciones_avg3	3.4337781111875e-05	8.59582950293116e-05	0.000158629441624365
vm_status02_delta2	3.41597060510334e-05	0.000980201786117616	0.00027760152284264
mcheques_emitidos_rank_delta2	3.40981803390978e-05	0.00161909653577771	0.000396573604060914
ctransferencias_emitidas_tend3	3.37688575677137e-05	0.000198740814149594	0.000118972081218274
Master_cconsumos_delta1	3.27672476087516e-05	5.61332427067764e-05	0.000158629441624365
ctarjeta_visa_avg3	3.22494589827969e-05	0.000239278526908777	7.93147208121827e-05
vmr_mpagado_lag1	3.21555064041369e-05	7.5968239136088e-05	0.000118972081218274
ctarjeta_visa_delta2	3.10529139010531e-05	9.80176434639562e-05	7.93147208121827e-05
vm_mpagado_rank_lag1	3.07582104568526e-05	0.00019356587812769	0.000118972081218274
matm_rank_lag2	3.05872204432671e-05	0.000115821461987817	0.000237944162436548
mtarjeta_master_consumo_rank_tend3	3.05002297001336e-05	0.000452918404710604	0.000198286802030457
vm_mconsumosdolares_rank_delta2	3.03759420581222e-05	0.000452628086577442	0.000237944162436548
Visa_mpagosdolares_rank	3.00856326685388e-05	5.56449207881258e-05	0.000198286802030457
cextraccion_autoservicio_lag1	2.99454350556399e-05	4.77436518487575e-05	0.000158629441624365
mttarjeta_master_debitos_automaticos_rank_lag1	2.6954193139784e-05	5.77978732071243e-05	7.93147208121827e-05
ccajas_depositos_delta1	2.62518855354501e-05	0.000922435995643063	0.000237944162436548
active_quarter	2.55380668612981e-05	0.000106567298309273	0.000118972081218274
minversion2_rank_lag1	2.50618429014755e-05	0.000490408957226607	0.000118972081218274
vm_msaldodolares_rank	2.47974795534808e-05	0.000905558030581505	0.000237944162436548
Master_mpagado_rank_delta2	2.45756486708619e-05	0.000870375336757299	0.000237944162436548
Master_mconsumototal_rank	2.42480042631892e-05	7.33083445749028e-05	0.000118972081218274
active_quarter_lag2	2.40383616488962e-05	6.12260049722302e-05	7.93147208121827e-05
vm_mpagado_rank	2.37820596286928e-05	0.00044966467363073	0.000158629441624365
cextraccion_autoservicio_delta1	2.32291258704302e-05	9.73279958420023e-05	0.000158629441624365
ccomisiones_mantenimiento_lag1	2.3087518277766e-05	6.97553786351044e-05	7.93147208121827e-05
ctarjeta_visa_descuentos_avg3	2.30520058985452e-05	0.000768396830813547	0.000198286802030457
vmr_Visa_mlimitecompra_tend3	2.27111463338653e-05	0.000885407364540978	0.000237944162436548
Master_mconsumototal_rank_delta1	2.22896240947393e-05	0.00023785482286883	0.000118972081218274
vmr_mpagado_delta2	2.15429173952864e-05	5.31485869698327e-05	7.93147208121827e-05
ccallcenter_transacciones_lag1	2.11382175648942e-05	0.000135128623160271	0.000158629441624365
Visa_fultimo_cierre_tend3	2.07872950876235e-05	2.63001478463757e-05	7.93147208121827e-05
active_quarter_lag1	2.07057568829294e-05	7.36241890238975e-05	7.93147208121827e-05
mtarjeta_visa_descuentos_rank_lag2	2.04930065743007e-05	0.000112796156467098	7.93147208121827e-05
cextraccion_autoservicio_lag2	2.01827476958386e-05	4.13410049379296e-05	0.000158629441624365
ccaja_ahorro_lag1	2.00530404153428e-05	0.000445263569621697	0.000158629441624365
Master_mconsumototal_rank_lag1	1.98860577654015e-05	7.52486942538086e-05	7.93147208121827e-05
catm_trx_lag1	1.9719152658697e-05	3.7445531787735e-05	7.93147208121827e-05
vm_status04	1.94840579681459e-05	2.00552920317104e-05	3.96573604060914e-05
catm_trx_other_lag2	1.89146617084834e-05	3.65805218727606e-05	7.93147208121827e-05
tcallcenter_lag1	1.8738583385989e-05	9.67321486888476e-05	7.93147208121827e-05
Visa_delinquency_tend3	1.86896588228348e-05	1.53906200698068e-05	3.96573604060914e-05
minversion2_rank_lag2	1.80933464855159e-05	0.000817348262044344	0.000198286802030457
mttarjeta_master_debitos_automaticos_rank	1.79948706756448e-05	7.12838979239703e-05	0.000118972081218274
vmr_mconsumototal_tend3	1.76660314310785e-05	3.19774802281948e-05	7.93147208121827e-05
vm_mconsumosdolares_rank_delta1	1.74539510512791e-05	0.000240359811157218	0.000118972081218274
vm_mpagosdolares_rank_delta2	1.73676890468095e-05	0.000289349182186206	0.000118972081218274
Master_mconsumospesos_rank	1.73213912608014e-05	5.70972108050505e-05	7.93147208121827e-05
Master_Fvencimiento_delta1	1.68148899237673e-05	6.69190727542205e-05	0.000158629441624365
cseguro_vivienda_lag1	1.66975984205351e-05	9.94249127526129e-05	7.93147208121827e-05
ccajas_transacciones_lag2	1.62818801808412e-05	2.54361869580794e-05	7.93147208121827e-05
Master_mpagado_rank	1.61269666883404e-05	2.79348810863981e-05	7.93147208121827e-05
vmr_mconsumototal	1.59097322929231e-05	2.39179830982147e-05	7.93147208121827e-05
cforex_sell_lag1	1.58988658012607e-05	1.48956543155284e-05	3.96573604060914e-05
cprestamos_prendarios_lag2	1.58780290388073e-05	0.000159261656727494	3.96573604060914e-05
Visa_fechaalta_delta1	1.57343965960425e-05	1.66023333018897e-05	7.93147208121827e-05
Master_Fvencimiento_delta2	1.56615506899486e-05	1.99120124712613e-05	7.93147208121827e-05
mttarjeta_master_debitos_automaticos_rank_delta2	1.56019169584297e-05	0.000100137289285925	7.93147208121827e-05
cpayroll_trx_delta1	1.54771573465252e-05	2.32286851518202e-05	3.96573604060914e-05
vm_Fvencimiento_delta1	1.52282104700925e-05	5.67213095787352e-05	0.000118972081218274
Master_mpagosdolares_rank	1.50254538257073e-05	1.50085121023128e-05	7.93147208121827e-05
tcallcenter_lag2	1.4991278135311e-05	5.40006588891107e-05	7.93147208121827e-05
vmr_Visa_mlimitecompra_delta2	1.46071982818328e-05	1.43070629302305e-05	3.96573604060914e-05
ccheques_depositados_lag2	1.45901432433887e-05	6.23416448443781e-05	3.96573604060914e-05
ccajas_consultas_lag1	1.4495482337085e-05	3.27464167832342e-05	3.96573604060914e-05
vmr_mconsumosdolares_delta1	1.4470033243259e-05	0.000335238417124771	0.000118972081218274
Master_madelantopesos_rank_delta2	1.42300861355445e-05	7.94969900434005e-06	3.96573604060914e-05
vmr_mconsumototal_delta2	1.39230827682132e-05	6.68764123359782e-05	7.93147208121827e-05
Master_mpagosdolares_rank_delta2	1.37582653640375e-05	1.03844025052954e-05	3.96573604060914e-05
ccajas_transacciones	1.34354812024127e-05	2.76597738400692e-05	3.96573604060914e-05
Master_mconsumosdolares_rank_lag1	1.32317244180348e-05	2.53659895895372e-05	7.93147208121827e-05
Visa_mpagado_rank_delta1	1.31611585813456e-05	1.35961725180453e-05	3.96573604060914e-05
thomebanking_lag2	1.27580787708353e-05	1.55034778565913e-05	7.93147208121827e-05
Visa_msaldodolares_rank_delta2	1.26000188123804e-05	0.000150741724304722	7.93147208121827e-05
vm_status06_delta1	1.24360827169151e-05	0.000212764377620071	7.93147208121827e-05
ctarjeta_visa_descuentos_lag1	1.21049846527734e-05	8.59939619363667e-06	3.96573604060914e-05
vmr_mpagado_tend3	1.20209441874769e-05	6.41910788778494e-05	7.93147208121827e-05
ctarjeta_master_debitos_automaticos_lag2	1.19616871744233e-05	0.000190910004835438	7.93147208121827e-05
ctarjeta_master_debitos_automaticos_avg3	1.1869237555182e-05	2.93052596035421e-05	3.96573604060914e-05
vmr_mpagosdolares_lag1	1.17497247870972e-05	4.85574342942853e-05	3.96573604060914e-05
mtarjeta_visa_descuentos_rank_delta1	1.14830006576268e-05	2.0068142608517e-05	3.96573604060914e-05
mtarjeta_master_consumo_rank_delta1	1.11227448452383e-05	0.00022414622965845	7.93147208121827e-05
vmr_mpagosdolares_delta1	1.098391784633e-05	0.000624601586333352	0.000158629441624365
vm_mpagado_rank_delta1	1.08254929127366e-05	2.65140618698161e-05	3.96573604060914e-05
Master_cconsumos_delta2	1.06286978706842e-05	1.96636554052237e-05	3.96573604060914e-05
vm_mpagosdolares_rank_lag1	1.0467893329012e-05	2.6301633967503e-05	3.96573604060914e-05
Master_fechaalta_delta1	1.02374640944067e-05	1.58899567685773e-05	7.93147208121827e-05
vmr_msaldodolares2_lag1	1.00006960729983e-05	0.000471645017035624	0.000118972081218274
mforex_sell_rank	9.66823261412238e-06	0.000448212645870475	0.000118972081218274
vm_fechaalta_delta1	9.61147376082689e-06	3.98413338827112e-05	3.96573604060914e-05
ctarjeta_master_transacciones_tend3	9.60866430970957e-06	0.00013661150978864	3.96573604060914e-05
cseguro_vida	9.42699467247824e-06	1.4141491552872e-05	3.96573604060914e-05
mttarjeta_master_debitos_automaticos_rank_delta1	9.41567857916414e-06	4.33663257777606e-05	3.96573604060914e-05
vmr_msaldodolares_lag1	9.41174922476173e-06	1.93894223477932e-05	3.96573604060914e-05
cpagomiscuentas_tend3	9.35542673857516e-06	0.000291688773935015	7.93147208121827e-05
ccajas_extracciones_lag1	9.1161775199917e-06	1.71817457037544e-05	3.96573604060914e-05
Visa_mpagosdolares_rank_delta2	9.11185821258124e-06	8.26598054778397e-06	3.96573604060914e-05
mttarjeta_master_debitos_automaticos_rank_lag2	8.96919729710038e-06	0.000130859871350456	7.93147208121827e-05
cliente_edad_delta2	8.96465356166807e-06	2.36841375678906e-05	3.96573604060914e-05
catm_trx_other_delta2	8.96232083369517e-06	0.000101683904284988	0.000118972081218274
vmr_mconsumototal_delta1	8.1795976307814e-06	6.79550740177235e-06	3.96573604060914e-05
vm_msaldodolares_rank_delta1	7.85636535872096e-06	1.35955605858164e-05	3.96573604060914e-05
ccajeros_propios_descuentos	7.79437326895262e-06	3.10130750354714e-05	3.96573604060914e-05
ccajeros_propios_descuentos_delta1	7.45989349951832e-06	4.26574460000418e-05	3.96573604060914e-05
vm_msaldodolares_rank_lag2	7.40465438182258e-06	2.12566898347921e-05	3.96573604060914e-05
vmr_Master_mlimitecompra_delta1	7.24028732490665e-06	3.19185598964421e-05	3.96573604060914e-05
Master_status_delta2	7.2240636394338e-06	1.86255560883646e-05	3.96573604060914e-05
vmr_mconsumosdolares_tend3	7.18213437096715e-06	0.000148953658331919	7.93147208121827e-05
mplazo_fijo_dolares_rank_delta1	7.06657407113415e-06	1.42844214377617e-05	3.96573604060914e-05
Visa_msaldodolares_rank_delta1	6.91666137179793e-06	2.50473477360676e-05	3.96573604060914e-05
Master_mconsumosdolares_rank_lag2	6.64732314051826e-06	7.3700243458059e-06	3.96573604060914e-05
cforex_lag2	6.53534399613018e-06	1.50238978269248e-05	3.96573604060914e-05
ccallcenter_transacciones_lag2	6.36733613512565e-06	1.96286004303976e-05	3.96573604060914e-05
vmr_msaldodolares2	6.2118451691933e-06	8.18072964641124e-05	3.96573604060914e-05
mv_status07_rank_lag1	6.11107661458081e-06	7.22788123092481e-06	3.96573604060914e-05
ccajas_otras_avg3	6.03895245707542e-06	9.56717575550791e-05	3.96573604060914e-05
vm_msaldodolares_rank_delta2	6.01630312146217e-06	0.000119958386111752	3.96573604060914e-05
matm_other_rank_delta1	5.89956367709073e-06	5.88931444779393e-05	0.000118972081218274
Master_mpagado_rank_lag2	5.72987890900445e-06	0.000138434630736269	3.96573604060914e-05
cseguro_vida_lag1	5.70565373078598e-06	2.54444917526142e-05	3.96573604060914e-05
cpagomiscuentas_delta1	5.700596644214e-06	0.000102246881935563	3.96573604060914e-05
cpagomiscuentas_lag2	5.6578171495724e-06	1.96924162199813e-05	7.93147208121827e-05
cliente_edad_tend3	5.00984335496492e-06	2.32267619362437e-05	3.96573604060914e-05
vmr_msaldodolares2_tend3	4.18456858046911e-06	0.000144660166976279	3.96573604060914e-05
Master_mpagado_rank_delta1	2.63828504703175e-06	2.43052487802093e-05	3.96573604060914e-05
ctarjeta_master_debitos_automaticos_delta1	2.56213199644981e-06	0.000155340307585906	3.96573604060914e-05
cforex_sell_avg3	3.64926353614138e-08	1.18422873311699e-05	3.96573604060914e-05
