Feature	Gain	Cover	Frequency
ctrx_quarter_normalizado	0.180788772523797	0.00737863412004696	0.00513457484495683
mcaja_ahorro_rank	0.0853183371800965	0.00698281794817753	0.0068052797774726
ctrx_quarter	0.0383725264027991	0.00261790197227858	0.00270286818925326
cpayroll_trx	0.0356729095911697	0.00721047244638332	0.00392746866334858
mtarjeta_visa_consumo_rank	0.0318061973721847	0.00519541261901776	0.00495088477384253
mcuenta_corriente_rank	0.0234979856929408	0.00707587619818952	0.00901830777708773
mprestamos_personales_rank	0.0183691355104953	0.0164575725242971	0.00860719190364144
cdescubierto_preacordado_tend3	0.0171357131781223	0.00214444632345006	0.000795990308161962
mcuentas_saldo_rank_avg3	0.0166753284538641	0.00345641553258604	0.00408491729573227
mcuentas_saldo_rank	0.0148655879624274	0.007670760979755	0.00970933233032723
vm_mpagospesos_rank	0.0141369308519053	0.00101693171887828	0.00174942924870761
vm_status01	0.0131920962881528	0.00167042268919056	0.000682277406995968
cdescubierto_preacordado_avg3	0.0122078045429431	0.00461603276207681	0.00300901830777709
ctarjeta_visa_transacciones	0.0118147026717808	0.00479198836185488	0.00590432371438818
vm_status06_delta2	0.0110771794329838	0.000451972399177337	0.000183690071114299
mpayroll_sobre_edad_rank	0.0105565771863757	0.00888955993586555	0.00492464333511192
cdescubierto_preacordado_delta2	0.0100812428605275	0.00267600353550808	0.000988427525519799
mpasivos_margen_rank	0.00860598526893601	0.00296234426939046	0.00450478031542209
vm_status06	0.00835626194096674	0.00025381838125266	0.000139954339896609
mcaja_ahorro_rank_avg3	0.00776874769407433	0.00205677454671999	0.00322769696386554
foto_mes	0.00775001501667635	0.008620427261983	0.0129020407092186
mpasivos_margen_rank_avg3	0.00772619544604274	0.00168110960358894	0.00330642128005738
cproductos_tend3	0.00741561951640594	0.00282822009359932	0.00182815356489945
mprestamos_personales_rank_delta2	0.00741291083699807	0.0075442090076949	0.00385749149340028
ctrx_quarter_delta2	0.00723995684914105	0.00203280737949243	0.00322769696386554
mpayroll_rank	0.00640943287998073	0.00305066652630834	0.00236172948575527
Visa_Finiciomora	0.00550172200884417	0.00387187439712356	0.00145202627642732
ctrx_quarter_delta1	0.00494025160276528	0.0032196013401764	0.00370004286101659
vm_status06_tend3	0.00479402626627495	0.000358719412582658	0.000131207193653071
cdescubierto_preacordado	0.0047603743414202	0.00308444288282644	0.00237047663199881
mprestamos_personales_rank_delta1	0.00475416490242512	0.00919980243223068	0.00550195498718543
mcuentas_saldo_rank_delta2	0.00472992401951216	0.00302124807808506	0.00487216045765069
vm_status04_delta2	0.0046132278932693	0.00137609890470236	0.00071726599197012
vm_status04_tend3	0.00447446618057082	0.00133109932084885	0.000629794529534739
vm_mpagominimo_rank	0.00425843793021786	0.00405608539811866	0.00307899547772539
vm_Finiciomora	0.00404929779408647	0.00559173302833435	0.00230049946205051
mprestamos_personales_rank_lag1	0.00404658775340291	0.00170912617827375	0.0016794520787593
ccaja_ahorro	0.00403406645862616	0.0223772053151123	0.00795115593537608
vm_status05_tend3	0.00402864552340016	0.000335911127281227	0.000209931509844913
vm_msaldototal_rank	0.00402557585115134	0.000794383283424853	0.00133831337526132
cproductos_delta2	0.00395062565328865	0.00363262270629691	0.00254541955686957
mcaja_ahorro_rank_lag1	0.00373516042149936	0.00141692228664241	0.00244045380194711
vm_status06_avg3	0.0036277518032958	8.15049839461011e-05	0.000157448632383685
mactivos_margen_rank	0.00362241717907665	0.00552594725836035	0.00792491449664547
ccomisiones_mantenimiento_tend3	0.00347931778293357	0.00117046801396973	0.00100592181800688
ctarjeta_visa	0.00344788603646039	0.000540162771949847	0.000332391557254446
mprestamos_personales_rank_tend3	0.00335246430645674	0.00372848974829769	0.0023442351932682
ctrx_quarter_normalizado_delta1	0.00333075500928171	0.00375269272783996	0.00343762847371045
vm_status05_avg3	0.00331552190009335	9.29722476980822e-05	0.000209931509844913
ctrx_quarter_normalizado_avg3	0.00325545094707409	0.000924721073760755	0.00134706052150486
cprestamos_personales_delta2	0.00325389283953845	0.00330942075677853	0.00129457764404363
mrentabilidad_annual_rank_lag2	0.0031037716669797	0.00277362023652394	0.00601803661555418
ccomisiones_mantenimiento_delta2	0.0030816192439877	0.00168028999944784	0.00145202627642732
mprestamos_personales_rank_avg3	0.00303047670527893	0.0013268175787824	0.00132956622901778
mcuenta_corriente_rank_delta2	0.00293660500418478	0.00239627951696265	0.00300027116153355
cprestamos_personales	0.00292050613303523	0.00174919079353044	0.00207307365971852
ctrx_quarter_avg3	0.00272631865650572	0.000592422013811884	0.000883461770597343
Visa_mpagospesos_rank	0.00256714010334416	0.000841815499892809	0.00198560219728314
ctarjeta_visa_avg3	0.00255493256166949	0.000173280915875075	0.000148701486140147
ctarjeta_visa_transacciones_delta2	0.00254453880120391	0.00198914281663245	0.00199434934352667
ctrx_quarter_normalizado_delta2	0.0025420876311942	0.00156771656766114	0.00257166099560019
vm_msaldopesos_rank	0.00254139950253618	0.00179039658874445	0.00185439500363007
mactivos_margen_rank_avg3	0.00250434836486938	0.00379874205635488	0.00509958625998268
cproductos_delta1	0.0025000537910351	0.00185833498379926	0.00119835903536471
mcuenta_debitos_automaticos_rank	0.0024898661509328	0.00422505030234854	0.00323644411010908
cproductos	0.00244357228921358	0.002868029239296	0.00349885849741522
ccomisiones_mantenimiento_delta1	0.00244209865150433	0.00153911849971925	0.000935944648058571
mcuentas_saldo_rank_tend3	0.00233428153608239	0.00340854608047361	0.00448728602293502
Visa_delinquency_avg3	0.00229843464803279	0.00125875389677464	0.00122460047409533
cprestamos_personales_tend3	0.00225307105232917	0.0024921427976682	0.000874714624353805
mcuenta_corriente_rank_avg3	0.00224669265826147	0.00344847554284027	0.0056331621808385
Visa_mpagominimo_rank	0.00223955967229069	0.00266882344680455	0.00401494012578396
mprestamos_personales_rank_lag2	0.00221173458377711	0.00746503002662869	0.00363881283731183
ccaja_seguridad	0.00218299990319318	0.00445583479521497	0.00149576200764501
mcuentas_saldo_rank_delta1	0.0021727000156984	0.00405589058690709	0.00586058798317049
mcomisiones_otras_rank_lag2	0.00203216128022955	0.00179416155571297	0.00368254856852952
mv_status07_rank	0.00193269120012914	0.000228283485278011	0.000139954339896609
mrentabilidad_annual_rank_avg3	0.0018146279472635	0.00507095438985723	0.0056331621808385
mpayroll_rank_delta2	0.00176958780066639	0.005419090010219	0.00297402972280294
mpagomiscuentas_rank	0.00176831262516923	0.00431246446020704	0.00245794809443419
vm_Finiciomora_lag1	0.00174812564605731	0.00428270685360494	0.00185439500363007
mcomisiones_mantenimiento_rank	0.0017439856812849	0.00490259032268846	0.00498587335881669
mrentabilidad_annual_rank_lag1	0.00173226223734275	0.00202778131889254	0.00461849321658809
cdescubierto_preacordado_delta1	0.00172498087326398	0.00180515113497101	0.000577311652073511
mactivos_margen_rank_lag2	0.00172268151101349	0.00623294096667766	0.00542323067099359
vmr_mpagominimo_avg3	0.00172124091827174	0.00261329444532745	0.00254541955686957
cpayroll_trx_avg3	0.00158453427645552	0.000991225504861459	0.000927197501815033
mrentabilidad_annual_rank_delta1	0.00152192454014911	0.00255997044347463	0.00465348180156224
mautoservicio_rank	0.00149573172832034	0.00253181910396993	0.00243170665570358
mtarjeta_master_consumo_rank	0.00145038864735133	0.00103083589894205	0.000839726039379652
vm_status04	0.00141915028677985	0.00010470460813476	9.62186086789185e-05
mrentabilidad_annual_rank	0.0014178231223587	0.00502363250471596	0.0052657820386099
Visa_fechaalta	0.00139309397791679	0.00200122161922602	0.00421612448938534
ccaja_seguridad_avg3	0.0013568638872495	0.00236373064123126	0.000883461770597343
mcuenta_corriente_rank_lag1	0.00133194835650355	0.00385514882771714	0.00387498578588735
mrentabilidad_annual_rank_tend3	0.00131902168642583	0.00352789557516811	0.00516081628368745
mcuenta_corriente_rank_lag2	0.00128270244713499	0.00475165684389475	0.00481093043394593
ctrx_quarter_normalizado_lag1	0.00127344547640929	0.000423062098954198	0.000708518845726582
vmr_mpagominimo_delta2	0.00126997316584131	0.00173729208533458	0.0018631421498736
Visa_fechaalta_lag2	0.00126876814973647	0.00182071579254595	0.00328017984132677
cliente_edad	0.00126808853337787	0.0054106872020509	0.00554569071840312
numero_de_cliente	0.00124894884305044	0.00426684418801205	0.0060005423230671
mactivos_margen_rank_tend3	0.00122940381217266	0.00247897851810855	0.00453102175415271
vm_Finiciomora_delta1	0.00120449180715316	0.00088727597674371	0.000332391557254446
mtransferencias_recibidas_rank	0.00120153448312306	0.0032848388565936	0.00401494012578396
chomebanking_transacciones	0.00118730304235143	0.00294544348631466	0.00326268554883969
vm_status05	0.00116478573021216	9.57977117772321e-05	9.62186086789185e-05
ctrx_quarter_tend3	0.00112909702097953	0.00116822149084019	0.00188063644236068
cplazo_fijo	0.00112356254817338	0.00447502568468247	0.00150450915388854
chomebanking_transacciones_avg3	0.00111896546788138	0.00194967079940924	0.003218949817622
ctarjeta_visa_transacciones_delta1	0.00108727963537946	0.00199187915891079	0.00143453198394024
mcomisiones_rank_lag2	0.00108656317712652	0.00116749760569233	0.00297402972280294
mrentabilidad_rank_avg3	0.00108278732843791	0.00226168700021252	0.00287781111412402
ctransferencias_recibidas_avg3	0.00105364985651264	0.00226940110328378	0.00428610165933364
ccallcenter_transacciones_delta2	0.0010494849376638	0.00101244400112077	0.000664783114508892
mttarjeta_visa_debitos_automaticos_rank_lag2	0.00104180247575503	0.00264678268961624	0.00332391557254446
mcuenta_corriente_rank_tend3	0.00103538764650491	0.00132933998993175	0.00217803941464097
mpasivos_margen_rank_lag2	0.00101020719788106	0.00170989970654831	0.00349885849741522
mcuentas_saldo_rank_lag2	0.00100351857731513	0.00256402232861049	0.00370879000726013
ctrx_quarter_normalizado_tend3	0.0010004024157652	0.000827785689583266	0.0014257848376967
cliente_edad_lag2	0.000983043808662798	0.00213030916696877	0.00438232026801256
mttarjeta_visa_debitos_automaticos_rank_delta2	0.000972474748416841	0.00293260970818451	0.00255416670311311
cliente_antiguedad	0.000971100057211905	0.00347166253982352	0.0043910674142561
vm_Finiciomora_avg3	0.000967704731582159	0.00381345078045306	0.00156573917759331
mrentabilidad_rank	0.00096374926446976	0.00395309507491291	0.00410241158821934
mactivos_margen_rank_delta1	0.000959256090396343	0.00234937516544323	0.00414614731943703
mcomisiones_rank_avg3	0.000954464390952564	0.00396218478215914	0.00411990588070642
thomebanking	0.000938013463899405	0.000982213411643746	0.00174068210246407
vm_fechaalta_tend3	0.000937970452590491	0.000391004893167666	0.000682277406995968
cliente_edad_lag1	0.000933570529416433	0.00229686458846078	0.00400619297954043
vm_status04_delta1	0.0009179866843484	0.00170311979279064	0.000787243161918424
cliente_edad_avg3	0.000917237585385038	0.00217996096554291	0.00366505427604244
mrentabilidad_rank_tend3	0.000913140973248534	0.00151759145784505	0.00308774262396893
ccaja_ahorro_avg3	0.000881034743940099	0.00789132530212413	0.00314022550143016
vmr_mpagominimo	0.000874636045946972	0.00169757674813197	0.00223926943834574
ccomisiones_mantenimiento_avg3	0.000871088333222439	0.00822905044836101	0.0042773545130901
Visa_msaldopesos_rank	0.000864027110338576	0.00354363213289043	0.00286031682163694
mrentabilidad_rank_lag2	0.000855211848159263	0.00265369814433409	0.00348136420492814
thomebanking_avg3	0.000853269053128942	0.0012813741023889	0.00269412104300972
ccaja_seguridad_lag2	0.000837071153195557	0.00033742772032415	0.000227425802331989
mtransferencias_recibidas_rank_lag1	0.000835135284112701	0.00299409398929211	0.0037700200309649
mactivos_margen_rank_lag1	0.000827961224980087	0.00175866707834176	0.00307899547772539
mcaja_ahorro_dolares_rank_delta2	0.000817195085121342	0.00225466279630011	0.00213430368342328
mcuenta_debitos_automaticos_rank_delta2	0.000815861630619877	0.0044223831937031	0.00195936075855252
ccallcenter_transacciones_avg3	0.000813438231502404	0.00374448152184185	0.00323644411010908
vmr_mpagominimo_tend3	0.000807960049005017	0.00136539134795755	0.00140829054520963
Visa_msaldototal_rank	0.00080736361419861	0.000935340434102778	0.0020468322209879
mv_status07_rank_delta2	0.000804396951951655	0.00224632722874708	0.00111963471917287
Master_Fvencimiento_lag2	0.000800049091295785	0.00234846469318567	0.00334140986503153
mrentabilidad_rank_delta2	0.000790558902046486	0.00237826355462909	0.00336765130376215
mcaja_ahorro_dolares_rank	0.000785632217089769	0.00466316541824625	0.00325393840259615
mcaja_ahorro_rank_lag2	0.000770995797470978	0.00196346366304519	0.00321020267137846
mactivos_margen_rank_delta2	0.00076652876851555	0.00183371502288881	0.00332391557254446
cliente_antiguedad_lag2	0.000765816955419908	0.00230729743632198	0.00367380142228598
mcomisiones_mantenimiento_rank_lag2	0.000756969562943216	0.00181845264210337	0.00237922377824235
Visa_mlimitecompra_rank	0.000751301379970693	0.00132621907014214	0.00271161533549679
vm_status02	0.000748846598156056	0.000504136086229655	0.000244920094819065
mpayroll_sobre_edad_rank_delta2	0.00074096135531246	0.00269635369497185	0.00132956622901778
Visa_status	0.000740756876684636	0.000226206459246124	0.000148701486140147
mpasivos_margen_rank_tend3	0.000731913261953345	0.00177531789946842	0.00319270837889139
Visa_mfinanciacion_limite_rank	0.000721158720482745	0.00140434824684383	0.00265913245803557
mrentabilidad_annual_rank_delta2	0.000713809629419225	0.00128894055969668	0.00275535106671448
Master_Fvencimiento	0.000711235860422649	0.000940338344691562	0.00202933792850083
Visa_status_tend3	0.000710853611482005	0.00268578055975411	0.0012420947665824
cmobile_app_trx	0.000709272470833047	0.00231876996887243	0.00298277686904647
vm_fechaalta_lag2	0.000707616612296325	0.00195166300226342	0.0028515696753934
mplazo_fijo_dolares_rank	0.00070694756483779	0.00324621433978442	0.00134706052150486
mpasivos_margen_rank_delta1	0.000706396057729734	0.00172880054343579	0.0028515696753934
mcomisiones_mantenimiento_rank_delta2	0.000694689441634296	0.000961864476093504	0.00130332479028717
cmobile_app_trx_lag1	0.000678237057202215	0.00346903630498525	0.00286031682163694
mpasivos_margen_rank_lag1	0.000674034342352623	0.00104721759342484	0.00263289101930495
tcallcenter_avg3	0.000670629184334195	0.00142256805048266	0.00208182080596206
mcomisiones_otras_rank_delta2	0.000669842682006277	0.00180137603340145	0.0024142123632165
mcuentas_saldo_rank_lag1	0.000669240795301913	0.00147463958580189	0.00264163816554849
mpasivos_margen_rank_delta2	0.000661885796587499	0.000967426416782959	0.00244045380194711
ctransferencias_emitidas_avg3	0.000655626407165717	0.00203502240923733	0.00230049946205051
mcomisiones_rank_delta2	0.000653865991520128	0.00248202824195278	0.00264163816554849
Master_Fvencimiento_avg3	0.000648645078573527	0.0017513984648684	0.00238797092448589
cmobile_app_trx_avg3	0.000647151274130505	0.00224579669208487	0.00324519125635262
cprestamos_personales_avg3	0.000642696463912535	0.00215045690307587	0.00206432651347498
mcomisiones_rank	0.000637206028711136	0.00226105952064354	0.00261539672681788
mcaja_ahorro_rank_delta1	0.000635476580808842	0.00328665363676376	0.00359507710609414
mtarjeta_visa_consumo_rank_avg3	0.000634174342438682	0.000702968779130581	0.000865967478110266
Visa_mpagospesos_rank_delta2	0.000627622720545735	0.00230814160828826	0.00293029399158525
Master_Fvencimiento_tend3	0.000623672980615325	0.000119671697393248	0.000297402972280294
Master_fechaalta_lag2	0.000622734110766091	0.00162863534101637	0.00302651260026416
Visa_fechaalta_lag1	0.000621112002980599	0.00118332021050588	0.00206432651347498
ctarjeta_visa_transacciones_tend3	0.000616846734348592	0.00249901895282123	0.00144327913018378
mcomisiones_otras_rank	0.000610740716575632	0.00149424868055111	0.00244920094819065
chomebanking_transacciones_lag2	0.000609427654812937	0.00158504109348107	0.0025979024343308
chomebanking_transacciones_delta1	0.000601360974052736	0.00202058055799103	0.00171444066373346
mcomisiones_otras_rank_lag1	0.000597081390856342	0.00139815973705766	0.0026678796042791
mtransferencias_recibidas_rank_lag2	0.000595637922541025	0.00306432607292455	0.00319270837889139
Master_fultimo_cierre	0.000594804168834694	0.000898470039115324	0.00184564785738653
vm_fechaalta	0.000592741509381802	0.00179702688653639	0.00229175231580697
Master_mfinanciacion_limite_rank	0.000587791504066172	0.0010770740385071	0.00205557936723144
cliente_antiguedad_avg3	0.000577627607117243	0.00232315672868977	0.00286906396788048
mcomisiones_rank_lag1	0.000576859503124793	0.00107526204945682	0.00251917811813896
chomebanking_transacciones_lag1	0.000576819858154345	0.00206741511658788	0.00290405255285463
mtransferencias_emitidas_rank	0.000575679405141678	0.00511384242436193	0.0030352597465077
mcuenta_corriente_rank_delta1	0.000574861074799111	0.00462555218237706	0.00343762847371045
Visa_msaldopesos_rank_delta1	0.000566939578889457	0.00194850876814465	0.00223926943834574
vm_Fvencimiento	0.000565831401267079	0.00122564299099639	0.00260664958057434
ccaja_ahorro_lag2	0.000555305527338529	0.0114382589268267	0.00393621580959212
mcaja_ahorro_rank_delta2	0.000554177446570863	0.00168072626491696	0.00264163816554849
Visa_Fvencimiento_lag2	0.000549248837664141	0.00105016558318862	0.00248418953316481
mtarjeta_visa_consumo_rank_delta2	0.000548366603753661	0.000499954958810549	0.000909703209327957
Visa_fechaalta_avg3	0.000547663911802553	0.00140579164388756	0.00214305082966682
mpayroll_rank_lag1	0.000546823068943151	0.00321351187783122	0.00167070493251577
Master_mlimitecompra_rank	0.000543975282691108	0.00133183769892396	0.00258040814184372
vm_cconsumos_delta2	0.000542396386578929	0.00124729330484395	0.000900956063084419
vmr_msaldopesos2	0.000540493883722389	0.00123623530583463	0.00189813073484776
vm_mpagominimo_rank_lag2	0.000539142878863887	0.00158160756826585	0.001609474908811
cliente_antiguedad_lag1	0.000527248302778747	0.00215690283769854	0.00269412104300972
Master_fechaalta	0.000525331048450299	0.00113130475132225	0.00247544238692127
vm_Fvencimiento_lag1	0.000524098959835069	0.00314325252480837	0.00280783394417571
ccheques_depositados_avg3	0.000524036164515824	0.00352693496723329	0.00125958905906948
mrentabilidad_rank_delta1	0.000522184544322753	0.000962300890820369	0.00231799375453758
mcaja_ahorro_rank_tend3	0.000521694260383722	0.00264605340133793	0.00258040814184372
Master_Fvencimiento_lag1	0.000519041331562701	0.00139410464288024	0.00242295950946004
Visa_mpagominimo_rank_lag1	0.000518711401392181	0.00118433180488713	0.00200309648977021
ccomisiones_mantenimiento_lag2	0.000516276921057453	0.000537133436713877	0.00108464613419872
mcaja_ahorro_dolares_rank_delta1	0.000515447229177885	0.00221001314723477	0.00129457764404363
mttarjeta_visa_debitos_automaticos_rank_lag1	0.000512338448721647	0.00108855691461944	0.00212555653717975
mautoservicio_rank_avg3	0.000512284161664851	0.00156924105643889	0.00243170665570358
ctarjeta_visa_debitos_automaticos_tend3	0.000499849352464739	0.00173662769432473	0.000883461770597343
ccomisiones_otras	0.000498185083943626	0.00171147315186712	0.00214305082966682
ccallcenter_transacciones_delta1	0.000493949094761295	0.00148822347366608	0.000682277406995968
vm_mlimitecompra_rank_delta2	0.000491704313953739	0.0014999363858183	0.00265913245803557
vm_mpagominimo_rank_lag1	0.000489053159262125	0.00146856894485863	0.00118086474287764
ccallcenter_transacciones_tend3	0.000488068402875774	0.00057887545531026	0.000393621580959212
vm_status01_avg3	0.000486225859098539	0.00101382172475575	0.000568564505829973
Visa_mlimitecompra_rank_delta2	0.000483515587080248	0.00172388556045132	0.00275535106671448
vm_fechaalta_delta2	0.000471367428854933	0.000269027208358417	0.000463598750907516
vm_fechaalta_avg3	0.000468802784475151	0.000944981797982437	0.00188938358860422
cproductos_avg3	0.000467963262045706	0.00213593701987936	0.00189813073484776
Visa_mfinanciacion_limite_rank_lag1	0.000463280169832677	0.000906145454578517	0.0020468322209879
vmr_mpagominimo_lag2	0.000461543344822326	0.00140566081947219	0.00159198061632392
Visa_cconsumos_avg3	0.000459097086801972	0.00101019423909812	0.00178441783368176
ctarjeta_debito_avg3	0.000458125397290188	0.00131229426265771	0.00195061361230898
Visa_mfinanciacion_limite_rank_lag2	0.000451343440927179	0.00098025458282182	0.00219553370712805
Master_msaldototal_rank	0.000450146830793095	0.00272054250995391	0.00152200344637562
Visa_fultimo_cierre	0.000448570237387402	0.000833651145901531	0.00181940641865591
mpayroll_rank_delta1	0.000447135106456351	0.00165063526128506	0.00139079625272255
Visa_Fvencimiento	0.000446863442077809	0.00167668175311381	0.00227425802331989
Master_mfinanciacion_limite_rank_lag2	0.000444617614542212	0.00188903569040245	0.0024142123632165
mcomisiones_rank_delta1	0.000443424001473493	0.00117767602879775	0.00210806224469267
mrentabilidad_rank_lag1	0.000442199194077776	0.000987573018531177	0.00221302799961513
mcomisiones_mantenimiento_rank_lag1	0.000440508351054386	0.00183396789536401	0.00205557936723144
Master_fechaalta_avg3	0.000439306763490024	0.00106391405757057	0.00198560219728314
vm_Finiciomora_tend3	0.000437687081414934	0.00233172437711383	0.000900956063084419
ccajas_extracciones_avg3	0.000437328645726267	0.00344839745118696	0.00190687788109129
vm_mpagospesos_rank_delta2	0.000436981180333848	0.00133047531898538	0.00161822205505454
Visa_mpagominimo_rank_lag2	0.00043365627452534	0.000998163706459975	0.00175817639495115
vm_Fvencimiento_lag2	0.000433183028971514	0.000881673005099566	0.00195936075855252
ctrx_quarter_lag2	0.000430865522514001	0.00102881926259466	0.00183690071114299
tcallcenter	0.000427892609749037	0.000327301432949806	0.000306150118523832
vmr_msaldopesos2_avg3	0.000427706193720767	0.000943326678824392	0.00188938358860422
vm_Fvencimiento_avg3	0.000427373828477808	0.000846378010707408	0.0019768550510396
ccomisiones_otras_avg3	0.000423967420716072	0.00083835151117139	0.00188938358860422
Visa_fultimo_cierre_avg3	0.000422523029992728	0.00242281911161062	0.00231799375453758
Master_mfinanciacion_limite_rank_delta2	0.000418797945275994	0.000869478736712812	0.00219553370712805
mcaja_ahorro_dolares_rank_tend3	0.000417537731943252	0.00151859808194332	0.00122460047409533
Master_fechaalta_lag1	0.000417006122235385	0.00115230725669567	0.00190687788109129
mpayroll_sobre_edad_rank_lag1	0.000415539685351608	0.00125516669578296	0.000962186086789185
Visa_delinquency	0.000413885675299216	0.000359145364341448	0.000384874434715674
mcaja_ahorro_dolares_rank_lag2	0.000409053887929016	0.00110663435621904	0.00175817639495115
vmr_mpagospesos_avg3	0.000407273328119348	0.000968679420644431	0.00152200344637562
vm_Fvencimiento_tend3	0.000402154669780476	0.00010899197721828	0.000253667241062603
Master_msaldopesos_rank	0.000399789200980421	0.00107657393549953	0.00102341611049395
Visa_mlimitecompra_rank_lag2	0.000397019195537793	0.000860236980599573	0.00162696920129808
vm_mfinanciacion_limite_rank_delta2	0.000392571984909276	0.00248479701793956	0.00237047663199881
cprestamos_personales_lag2	0.000388049675018317	0.00373248696032077	0.00163571634754161
mcomisiones_otras_rank_delta1	0.000383995827137483	0.00105374163462659	0.00188938358860422
Visa_mconsumospesos_rank	0.000381369458724346	0.000869603381857449	0.00162696920129808
Visa_Fvencimiento_avg3	0.000380000927982647	0.000790935847387593	0.00169694637124638
Master_mlimitecompra_rank_delta2	0.000379684290215653	0.000774777845490444	0.00207307365971852
vmr_mpagospesos_lag1	0.000379347855669368	0.0011323462121787	0.00151325630013208
ccajas_consultas_delta2	0.000378377941285732	0.00249619490669067	0.000927197501815033
Visa_mconsumosdolares_rank	0.000378087921461614	0.00106158614419152	0.00138204910647901
cmobile_app_trx_lag2	0.000372408683631151	0.000745393293701539	0.00159198061632392
vmr_mpagado_avg3	0.000370369981239717	0.000840186515766289	0.00165321064002869
mpayroll_rank_lag2	0.000369042720953361	0.000558521236035769	0.00071726599197012
vm_fechaalta_lag1	0.000367443839309031	0.000746975082528413	0.0015394977388627
Visa_cconsumos_lag2	0.000365715141396466	0.000954718686820265	0.00150450915388854
vm_mfinanciacion_limite_rank	0.000365403220080127	0.00101852507518055	0.00150450915388854
vm_cconsumos_lag2	0.000365052388736604	0.001209480765105	0.00132081908277425
ctarjeta_master	0.000364697597260631	3.3124667342533e-05	9.62186086789185e-05
Visa_mconsumosdolares_rank_lag2	0.000362705764326892	0.00115151602645231	0.00166195778627223
Master_mfinanciacion_limite_rank_delta1	0.000362152312341923	0.000721461172193012	0.0019768550510396
vm_cconsumos_avg3	0.000360761900717552	0.00162569178420769	0.00161822205505454
ccomisiones_otras_lag1	0.000359433120364894	0.0010407152692253	0.001609474908811
Visa_mpagominimo_rank_delta2	0.000356300795630904	0.000496576047005002	0.00132081908277425
Master_mlimitecompra_rank_lag2	0.000355330444521762	0.0010192963048858	0.00188938358860422
Visa_Fvencimiento_lag1	0.000350811039046534	0.000667211085722287	0.00173193495622053
mtransferencias_recibidas_rank_delta1	0.000344183003929674	0.00162483582087938	0.00195061361230898
vm_fultimo_cierre_delta2	0.000343102297572339	0.000349199947505089	0.000577311652073511
vm_cconsumos_delta1	0.000341490033516382	0.00134094609324013	0.00071726599197012
Master_fultimo_cierre_avg3	0.000341075545602187	0.00077681915414344	0.0015394977388627
mcomisiones_rank_tend3	0.000338992724978604	0.00106036011120495	0.00167070493251577
vmr_mpagospesos	0.00033897836045846	0.000476688138784128	0.000927197501815033
mprestamos_prendarios_rank_lag2	0.000338708899556276	0.00471102684029189	0.00147826771515793
ccajas_consultas_avg3	0.000337343835176564	0.00410582843795363	0.00198560219728314
vm_status01_tend3	0.000330815534001891	0.00168174911333234	0.000656035968265354
Visa_mpagominimo_rank_delta1	0.000330075001666699	0.000596673426704118	0.00137330196023547
Visa_cconsumos_lag1	0.000329993107950012	0.000877745347186655	0.00146077342267085
ctransferencias_recibidas	0.000329691435880368	0.00125965544341892	0.00168819922500284
tcallcenter_delta2	0.000328044273360212	0.000340515355636153	0.000218678656088451
mttarjeta_visa_debitos_automaticos_rank	0.000327978471772244	0.00164373695628236	0.00163571634754161
Visa_mfinanciacion_limite_rank_delta2	0.000327115176488526	0.000768558364721735	0.00180191212616884
vmr_mpagominimo_lag1	0.000326554445827568	0.00101938323259774	0.00109339328044226
Visa_mconsumospesos_rank_lag2	0.000326297715966031	0.000612552943496653	0.0016794520787593
ctrx_quarter_normalizado_lag2	0.00032221333423453	0.000927093033100992	0.0015394977388627
cpayroll_trx_lag2	0.000321540883754771	0.000971547945583631	0.000524828774612283
Visa_mlimitecompra_rank_delta1	0.000321530107835139	0.0023619365780364	0.0021605451221539
Visa_msaldototal_rank_delta1	0.000320230754437916	0.000628877517039611	0.00133831337526132
Master_mfinanciacion_limite_rank_lag1	0.000320182909881565	0.000704196319620391	0.00150450915388854
ctarjeta_master_transacciones	0.00031931035262139	0.000359142185151434	0.000236172948575527
mtarjeta_visa_consumo_rank_delta1	0.000317995407875771	0.000723105365683966	0.000752254576944272
Visa_msaldopesos_rank_delta2	0.00031786521633265	0.000694000567690527	0.00144327913018378
ctransferencias_recibidas_lag1	0.000315188595247417	0.00104731770059585	0.001609474908811
cprestamos_personales_lag1	0.000312471797487755	0.000788950405909352	0.0008047374544055
mcaja_ahorro_dolares_rank_lag1	0.00031194214040405	0.00127020539890852	0.0017931649799253
Master_mlimitecompra_rank_delta1	0.000311617271455443	0.00149284583683728	0.00187188929611714
mtransferencias_recibidas_rank_delta2	0.000308502889850025	0.000818855135872816	0.001723187809977
Visa_mconsumospesos_rank_lag1	0.000307803185928936	0.000572631152978202	0.00138204910647901
vm_mconsumospesos_rank	0.00030551512095995	0.00226649345788905	0.00147826771515793
vmr_mpagominimo_delta1	0.000305003704093156	0.00126436791349207	0.00107589898795518
mcuenta_debitos_automaticos_rank_lag2	0.000300733727075101	0.00131366582194774	0.00147826771515793
ctarjeta_visa_transacciones_avg3	0.000300435496062874	0.000816391562127384	0.0012420947665824
Visa_fechaalta_delta2	0.00029981518976011	0.000160658859859241	0.000271161533549679
ctarjeta_visa_debitos_automaticos_lag2	0.000299645840100484	0.0010255752947183	0.00123334762033886
thomebanking_delta2	0.000297458185175192	0.00167567936793556	0.00102341611049395
mtransferencias_emitidas_rank_lag2	0.000296142494705498	0.00250510065376355	0.00174068210246407
mtransferencias_emitidas_rank_lag1	0.000295094115920377	0.00316885893016968	0.00195936075855252
Visa_mfinanciacion_limite_rank_delta1	0.000292089223406686	0.0009687841548056	0.001723187809977
ccajas_consultas_delta1	0.000289322892927732	0.00165055422925414	0.000621047383291201
vm_fultimo_cierre	0.000288815177043234	0.000457946186768477	0.00120710618160825
vm_cconsumos_lag1	0.000286492332861683	0.00169145889696329	0.00120710618160825
mextraccion_autoservicio_rank_delta2	0.000285702819840708	0.00330608305503696	0.00153075059261916
Visa_mpagospesos_rank_delta1	0.000283060596523358	0.00136873084079208	0.00166195778627223
Visa_msaldototal_rank_lag2	0.000280184586351676	0.000862159435308522	0.00116337045039056
vm_mlimitecompra_rank	0.000279667175092799	0.000756402515279095	0.00120710618160825
ccajas_transacciones_avg3	0.000279600642388522	0.00066283814717233	0.00111963471917287
ctarjeta_debito_transacciones_avg3	0.000279290582484152	0.000663618377119734	0.00138204910647901
Visa_mpagospesos_rank_lag1	0.000278141696011995	0.000538067879765627	0.00118086474287764
cseguro_accidentes_personales_avg3	0.000277705311095249	0.0016027403905783	0.00127708335155655
ctarjeta_debito_transacciones	0.000276930143459646	0.000423770759811847	0.000839726039379652
vmr_msaldototal_lag1	0.000275613987800305	0.000709875412715576	0.000970933233032723
ctarjeta_visa_debitos_automaticos_avg3	0.000273981639738126	0.00228316833936455	0.0015394977388627
ccomisiones_otras_tend3	0.00027330702887725	0.00150645103870776	0.0008047374544055
mpayroll_sobre_edad_rank_lag2	0.00027280677397645	0.00040836543488198	0.000612300237047663
ccomisiones_mantenimiento	0.000271884359200559	5.548210469295e-05	0.000218678656088451
Visa_mlimitecompra_rank_lag1	0.00027073766827083	0.000661570322016567	0.00128583049780009
ccomisiones_otras_lag2	0.000270211802317534	0.000556940790528619	0.00110214042668579
chomebanking_transacciones_tend3	0.000269293699576554	0.00123213068793671	0.00125084191282594
Visa_mconsumospesos_rank_delta2	0.000268664365824303	0.000512433219912789	0.00126833620531302
vm_fultimo_cierre_avg3	0.00026635286645316	0.00243029982034267	0.00165321064002869
Master_mlimitecompra_rank_lag1	0.000265820754200838	0.000640788837515111	0.00129457764404363
chomebanking_transacciones_delta2	0.000261178428909289	0.000569829853728314	0.00116337045039056
ctransferencias_recibidas_lag2	0.000259849096317772	0.000542757513403466	0.00131207193653071
vm_mfinanciacion_limite_rank_delta1	0.000258138423901972	0.000869637711139291	0.0016794520787593
vmr_mpagospesos_delta1	0.000257862935677229	0.00282142870192089	0.00148701486140147
Master_mpagominimo_rank	0.000257343002474047	0.000963999727572551	0.000865967478110266
mtransferencias_emitidas_rank_delta2	0.000256709255944642	0.00230624672148521	0.00111088757292933
ccajas_depositos	0.000254761415364252	0.00251310098841649	0.000997174671763337
vm_mlimitecompra_rank_delta1	0.000249002996315737	0.0024141702818979	0.00177567068743822
Visa_mconsumototal_rank_delta2	0.000248839663767236	0.000457171180842223	0.00106715184171164
cdescubierto_preacordado_lag1	0.00024753023475504	0.000417942080602478	0.000551070213342897
Visa_msaldototal_rank_delta2	0.000247118698710811	0.000614066775271253	0.000935944648058571
ctarjeta_debito_transacciones_delta1	0.000243964232016518	0.00475717869395332	0.0019768550510396
ccallcenter_transacciones	0.000241728928353599	0.000909760163772999	0.000559817359586435
vmr_mconsumospesos_lag1	0.000241553515808739	0.000467537534377068	0.00106715184171164
Visa_cconsumos_delta2	0.000241031351939155	0.00111480427752429	0.0010584046954681
vmr_mconsumosdolares	0.000240242104751503	0.00110042109949839	0.000664783114508892
vm_mpagospesos_rank_lag1	0.000240198512137545	0.00034601660812562	0.000778496015674886
mextraccion_autoservicio_rank_lag2	0.000238725005720839	0.00162460696397569	0.00134706052150486
Visa_mconsumototal_rank	0.000232347616742049	0.000499137130836641	0.000970933233032723
Master_status_avg3	0.000227410874642416	0.000333736889678627	0.000166195778627223
vm_status01_delta2	0.000225661682044748	0.00157731561696949	0.000577311652073511
Master_fechaalta_tend3	0.000223204230472024	0.000168295722046347	0.000341138703497984
vmr_mpagospesos_lag2	0.000221347793170062	0.00152085448593572	0.00129457764404363
vm_status02_tend3	0.000218230589960473	0.00128229273904522	0.000586058798317049
Visa_fultimo_cierre_lag1	0.000213670110511343	0.000615355914433309	0.000988427525519799
vm_msaldototal_rank_delta2	0.000213408351196282	0.00141452949092067	0.00104091040298103
vm_cconsumos_tend3	0.000212868782057904	0.000355726630568963	0.000393621580959212
vmr_msaldopesos2_lag2	0.000212590093341832	0.000419539257903082	0.00113712901165995
Visa_fultimo_cierre_lag2	0.000212312889745434	0.000598042299354696	0.00100592181800688
Visa_mpagospesos_rank_lag2	0.000212263736660022	0.000604905827302317	0.00109339328044226
Visa_cconsumos	0.00021101646782331	0.000405318263345227	0.000953438940545647
mcaja_ahorro_dolares_rank_avg3	0.000210929909879896	0.000451205677056049	0.00111088757292933
mautoservicio_rank_lag2	0.0002099975356231	0.000422199583210795	0.00102341611049395
vm_mfinanciacion_limite_rank_lag1	0.000209536664069074	0.000363392956235355	0.000830978893136114
vmr_msaldopesos2_lag1	0.000208606938942146	0.000521673110304188	0.0010584046954681
cextraccion_autoservicio_avg3	0.000207665276554927	0.000487663762442802	0.00102341611049395
ctarjeta_master_transacciones_delta1	0.000206450907784145	0.00220456661263541	0.000787243161918424
Visa_msaldopesos_rank_lag2	0.000204595077362483	0.000557095749921701	0.000944691794302109
Master_Fvencimiento_delta2	0.000202667083647818	7.1501326736808e-05	0.000192437217357837
vm_msaldopesos_rank_delta2	0.000201821296848655	0.000909592651803382	0.000979680379276261
vmr_msaldopesos_lag2	0.000198616110127122	0.000699729811388752	0.000813484600649038
vm_msaldototal_rank_delta1	0.000196614822375758	0.00220474534878761	0.00133831337526132
Master_status	0.000195429881279131	0.000746381559096908	0.000279908679793218
Master_Finiciomora	0.000195137235529556	0.00119254911552709	0.000393621580959212
Master_fultimo_cierre_lag2	0.000194463366015093	0.00074094115899095	0.00104965754922457
cpagomiscuentas_avg3	0.000192538744836692	0.00144611047493918	0.00125958905906948
vmr_mconsumospesos_lag2	0.000192278156952384	0.000348263176032484	0.000822231746892576
vmr_msaldototal	0.000192179229536177	0.000532183228901079	0.000787243161918424
vm_status02_avg3	0.000190471670226468	0.000530753414312344	0.000253667241062603
Visa_mconsumototal_rank_lag2	0.000188996687165392	0.000400864591279842	0.000892208916840881
ctarjeta_visa_debitos_automaticos	0.00018899539436418	0.000324946429289644	0.000839726039379652
vm_msaldopesos_rank_delta1	0.000187509330720563	0.00106200317033703	0.000962186086789185
Master_mpagospesos_rank_lag2	0.000185144862342402	0.00183614962570552	0.00109339328044226
vmr_mconsumosdolares_avg3	0.000182727703428829	0.00150042016002834	0.00118086474287764
Visa_delinquency_lag1	0.000181886606739674	0.000273346757412221	0.000271161533549679
vmr_mconsumospesos	0.000181152363229372	0.000384409402282361	0.000865967478110266
vm_fultimo_cierre_tend3	0.000179787541571911	0.000234545952277896	0.000428610165933364
mtransferencias_emitidas_rank_delta1	0.000179275721810822	0.00209436054305033	0.00101466896425041
vmr_msaldopesos	0.000178352900584368	0.00039475493436148	0.000586058798317049
mautoservicio_rank_lag1	0.000177253007800305	0.000411830975883968	0.000752254576944272
vm_mlimitecompra_rank_lag2	0.000176073659228209	0.00033521146666573	0.000830978893136114
vm_msaldopesos_rank_lag1	0.0001742503594687	0.000525203130652941	0.000647288822021815
vm_mpagominimo_rank_delta2	0.000174006286096871	0.000536658931409942	0.000962186086789185
mautoservicio_rank_delta1	0.000173960331953337	0.00120232979658793	0.000970933233032723
Visa_mconsumototal_rank_lag1	0.000173193482977925	0.000286407750610848	0.000787243161918424
vm_mconsumospesos_rank_lag2	0.000172647962608043	0.000438626487865194	0.000682277406995968
cproductos_lag2	0.000169780272944691	0.000427518308401284	0.000691024553239506
vmr_Master_mlimitecompra	0.000169432496705564	0.000597612108675887	0.000909703209327957
Visa_status_delta2	0.000168469181503488	0.00159470559231154	0.000586058798317049
mtarjeta_visa_consumo_rank_tend3	0.000168149459771261	0.000399540913875099	0.000699771699483044
Visa_msaldopesos_rank_lag1	0.000166561530590505	0.000262884431145964	0.000795990308161962
cmobile_app_trx_delta2	0.000166559934395812	0.000330618372938741	0.000656035968265354
vm_mlimitecompra_rank_lag1	0.00016638371316881	0.000421462264865694	0.000769748869431348
vmr_Visa_mlimitecompra_lag2	0.000165402793490961	0.000563442159478577	0.000918450355571495
ctarjeta_visa_transacciones_lag2	0.000165125959709038	0.00123999013820213	0.00101466896425041
vm_Fvencimiento_delta2	0.000164474448606488	0.000104665457827685	0.000183690071114299
vmr_msaldototal_lag2	0.000164357892007317	0.000691041920923604	0.000691024553239506
ctarjeta_visa_transacciones_lag1	0.000163255551745881	0.000341109356692449	0.000743507430700734
vmr_mpagosdolares_avg3	0.000162003317949162	0.00218947402746312	0.00144327913018378
vm_mfinanciacion_limite_rank_lag2	0.000161116837127335	0.000328080200171288	0.000699771699483044
ctarjeta_debito_tend3	0.000160548733544635	0.00307838634674029	0.000997174671763337
Visa_fultimo_cierre_delta2	0.00015849274185046	0.000137811588434257	0.000297402972280294
vmr_mconsumospesos_avg3	0.000157902488079505	0.00034452544860281	0.000682277406995968
ctransferencias_recibidas_delta2	0.000157531283281328	0.000276770461467686	0.000734760284457196
ctarjeta_debito_transacciones_tend3	0.000157333633368324	0.0010725106470718	0.000603553090804125
Visa_msaldototal_rank_lag1	0.0001570252590227	0.000239880170422538	0.000629794529534739
vmr_Master_mlimitecompra_avg3	0.000156218319582008	0.000338091335193713	0.00076100172318781
vm_status05_delta1	0.000155223219656538	0.00152236669080087	0.00067353026075243
catm_trx_other_avg3	0.000154768270267831	0.000581829907934489	0.000682277406995968
Master_msaldopesos_rank_lag1	0.000153595001046207	0.000877508281106871	0.000664783114508892
vmr_Master_mlimitecompra_lag2	0.000152597930407216	0.000308598586463906	0.00067353026075243
vm_msaldototal_rank_lag2	0.000152204259333015	0.000453255881470775	0.000559817359586435
Master_mpagospesos_rank	0.000151487732904287	0.000980223402878442	0.000682277406995968
ccajas_consultas	0.000150826563763498	0.00145043427783878	0.00067353026075243
vmr_msaldopesos_avg3	0.000150539015031861	0.000220663877286474	0.000551070213342897
vm_mconsumototal_rank_delta2	0.000150006493295414	0.000572587883157305	0.000813484600649038
cseguro_accidentes_personales_lag2	0.000149813905883086	0.000640534950087224	0.000498587335881669
vmr_Visa_mlimitecompra_avg3	0.00014839219231029	0.000417191224579711	0.000769748869431348
mautoservicio_rank_tend3	0.000146978248313729	0.000611517229063468	0.000664783114508892
Visa_fechaalta_tend3	0.000144899662317904	0.000103787971532244	0.000192437217357837
vmr_msaldopesos_delta2	0.000144828195558608	0.000368831505545249	0.000498587335881669
mpayroll_sobre_edad_rank_delta1	0.000144482644721488	0.00274824085219604	0.00116337045039056
vmr_Visa_mlimitecompra_lag1	0.00014390681913813	0.00030724529632213	0.000699771699483044
ctrx_quarter_lag1	0.000143081349770742	0.000360861738878919	0.000621047383291201
mautoservicio_rank_delta2	0.000142831370661497	0.000492652792195631	0.000603553090804125
vm_msaldopesos_rank_lag2	0.00014281110152402	0.000541694843021148	0.000638541675778277
ctransferencias_recibidas_tend3	0.000142289358488748	0.00104512789541022	0.0008047374544055
vmr_Visa_mlimitecompra	0.000142107518377899	0.000292789847695066	0.000638541675778277
Visa_Fvencimiento_delta2	0.000141004630208597	0.000152222125405206	0.000384874434715674
Visa_mconsumosdolares_rank_lag1	0.000140976921863727	0.000343483420566921	0.000708518845726582
vmr_msaldodolares2_avg3	0.000139967252984074	0.00122270501642745	0.000839726039379652
tcuentas_avg3	0.000139383186931739	0.00485643949890549	0.00152200344637562
Master_msaldototal_rank_delta1	0.000138094861071734	0.00149028840982045	0.00076100172318781
Visa_cconsumos_tend3	0.000137669182302706	0.000315038804514861	0.000638541675778277
cdescubierto_preacordado_lag2	0.000135912061804897	0.000469778251380245	0.000367380142228598
vm_fultimo_cierre_lag2	0.000135644099556738	0.000254048238183257	0.000726013138213658
matm_other_rank	0.000135578841116279	0.00208403307115862	0.000769748869431348
vm_fultimo_cierre_lag1	0.000134949211829805	0.000312859283188012	0.000664783114508892
ctransferencias_emitidas_tend3	0.00013469440118125	0.000582867428386414	0.00044610445842044
matm_other_rank_lag2	0.000134293175885674	0.000878156746315099	0.000682277406995968
ctarjeta_visa_debitos_automaticos_lag1	0.000134040672050581	0.000817857228426983	0.000699771699483044
vmr_mconsumospesos_delta1	0.000133787724344778	0.00101406785078079	0.000743507430700734
ctarjeta_master_avg3	0.000133086444633197	9.19066518639199e-06	2.62414387306141e-05
vmr_msaldopesos2_delta1	0.000132843828117584	0.000800269202980252	0.000708518845726582
vm_mconsumototal_rank	0.000132492205378552	0.000914010576638327	0.000664783114508892
vm_cconsumos	0.000132421580577235	0.000506734021799064	0.000647288822021815
vmr_msaldototal_delta1	0.000131272763111601	0.00105437762188716	0.000734760284457196
vmr_msaldopesos_lag1	0.000130987466085282	0.000588688838743498	0.000533575920855821
mttarjeta_visa_debitos_automaticos_rank_delta1	0.00012927202379081	0.00062234001278907	0.000559817359586435
vmr_msaldopesos2_delta2	0.00012737197123052	0.000413322732437767	0.000656035968265354
Master_fultimo_cierre_lag1	0.00012695798227651	0.000289293679003364	0.00067353026075243
vm_mconsumospesos_rank_lag1	0.000126503045171394	0.000314749856442171	0.000586058798317049
cpagomiscuentas	0.000126173318025474	0.000278496075059705	0.000376127288472136
vm_mpagospesos_rank_delta1	0.000125645090038563	0.000711949214780125	0.000734760284457196
vmr_mpagospesos_delta2	0.000124598952523309	0.000474872030220018	0.000577311652073511
vm_mpagospesos_rank_lag2	0.00012446181469386	0.000227413730533872	0.000612300237047663
vmr_Master_mlimitecompra_lag1	0.000123945992405133	0.000526187336237587	0.000708518845726582
Visa_cconsumos_delta1	0.000123812651810551	0.000298117394018411	0.000542323067099359
vmr_mpagado	0.000123637620281009	0.000972917683929142	0.000586058798317049
ccuenta_debitos_automaticos_lag2	0.000120773541769198	0.000239882110773251	0.000542323067099359
mpagomiscuentas_rank_lag1	0.000119794387138739	0.0010855429678572	0.000726013138213658
mcuenta_debitos_automaticos_rank_lag1	0.000118930933512448	0.000360622419007153	0.000594805944560587
ccajas_otras_lag1	0.000118530089605551	0.00230735531847632	0.000909703209327957
cforex_buy_avg3	0.000118030418315302	0.00185149091906186	0.00076100172318781
ctarjeta_visa_debitos_automaticos_delta2	0.000117660216291196	0.000342297687172085	0.000384874434715674
Master_mpagominimo_rank_delta2	0.000116886150706462	0.00235741265034944	0.00104965754922457
ctarjeta_debito_transacciones_lag1	0.000116628957657429	0.000629936187314306	0.000603553090804125
vm_mconsumospesos_rank_delta2	0.000116211752512244	0.000430791411389884	0.000656035968265354
vmr_msaldopesos_delta1	0.000115895155348303	0.000872402576573102	0.00067353026075243
cseguro_vida_avg3	0.000115239760204358	0.000936270190461268	0.000516081628368745
ctransferencias_emitidas_delta2	0.000114843577378618	0.000481944235423916	0.000419863019689826
cinversion1_lag2	0.000112899607286605	0.00340416554470433	0.00106715184171164
vm_status05_delta2	0.00011262439915759	0.000676947720821945	0.000384874434715674
vmr_msaldopesos2_tend3	0.000112440116404399	0.000561365909586976	0.000638541675778277
vmr_mconsumospesos_delta2	0.000111889855091354	0.000453556367167319	0.000533575920855821
vm_msaldototal_rank_lag1	0.00011068797720116	0.000577632884565312	0.000542323067099359
matm_other_rank_lag1	0.000110586309844256	0.000946986553413158	0.000568564505829973
mcheques_emitidos_rank_lag2	0.000109803091435273	0.0046919264905738	0.00149576200764501
vmr_msaldototal_delta2	0.000109699635667889	0.000575463632171467	0.000647288822021815
Visa_status_delta1	0.000109172881198447	0.000234849975383047	0.000174942924870761
mplazo_fijo_dolares_rank_delta2	0.00010759374116926	0.00126369598496599	0.000734760284457196
Visa_mpagado_rank	0.000107469605408172	0.00062010469891634	0.000437357312176902
ccajas_consultas_tend3	0.000107401385259673	0.000659737332401255	0.000262414387306141
cproductos_lag1	0.000107374950226551	0.000304478893533524	0.000498587335881669
vmr_mconsumospesos_tend3	0.000107305543684841	0.000492231512204326	0.000594805944560587
Master_msaldototal_rank_lag1	0.000106483206110282	0.000541124051544532	0.000437357312176902
Visa_Finiciomora_lag1	0.000106075093006109	0.000771742151874446	0.000306150118523832
cmobile_app_trx_tend3	0.00010590244731197	0.00127668912559277	0.000743507430700734
ccajas_extracciones	0.000105421621196122	0.0016633707084114	0.000691024553239506
Visa_delinquency_tend3	0.00010525405357183	0.000105269906926281	0.000227425802331989
vmr_msaldototal_avg3	0.00010403558159184	0.000281799999773089	0.000454851604663978
mextraccion_autoservicio_rank_lag1	0.000103335545495773	0.000686199342872269	0.000612300237047663
vmr_mpagospesos_tend3	0.000103325684535609	0.000299014179340557	0.000489840189638131
mcomisiones_mantenimiento_rank_delta1	0.000103103367231733	0.00027646224421984	0.000384874434715674
vmr_msaldopesos_tend3	0.000101609442911698	0.000569297958820603	0.000612300237047663
mtarjeta_visa_consumo_rank_lag1	0.000100798153922607	0.000774466687864979	0.000621047383291201
Master_mpagominimo_rank_lag2	9.94756939252096e-05	0.000391423516371072	0.000481093043394593
vmr_mconsumototal_lag1	9.8153062573594e-05	0.000201240429323153	0.00040236872720275
ccuenta_debitos_automaticos	9.80808391507346e-05	0.000167377533163261	0.00035863299598506
ctarjeta_visa_delta2	9.69610833343987e-05	0.000600434124901078	0.000279908679793218
ctarjeta_visa_debitos_automaticos_delta1	9.66894771722346e-05	0.000358066499493565	0.00031489726476737
Master_mpagominimo_rank_delta1	9.65671145418108e-05	0.000360502520258875	0.000472345897151055
Master_cconsumos_lag2	9.57741230992754e-05	0.000410772663827866	0.000454851604663978
ccuenta_debitos_automaticos_avg3	9.53913595546024e-05	0.000211708755750845	0.000498587335881669
Visa_mpagado_rank_delta2	9.53094790269077e-05	0.000716103968355311	0.000507334482125207
Master_mpagospesos_rank_delta2	9.42526063257511e-05	0.00145529293094948	0.000699771699483044
Visa_mconsumospesos_rank_delta1	9.37806546558867e-05	0.000166196710348306	0.000489840189638131
vm_mpagado_rank_lag2	9.33112690989818e-05	0.000460333430102022	0.000498587335881669
vmr_mconsumototal_lag2	9.27290940475076e-05	0.00018082886522221	0.000393621580959212
cmobile_app_trx_delta1	9.24678114029565e-05	0.00072234327055284	0.000533575920855821
Visa_mconsumototal_rank_delta1	9.19771897958678e-05	0.00017169006710295	0.000524828774612283
matm_other_rank_delta2	9.19213369079951e-05	0.000869414600658865	0.000472345897151055
ctarjeta_debito_lag2	9.15764579720653e-05	0.00022364586796505	0.000463598750907516
cforex_avg3	9.15401561543405e-05	0.00119787327369958	0.000664783114508892
vm_mpagominimo_rank_delta1	9.12085104814894e-05	0.000296900197090477	0.000516081628368745
ctarjeta_debito_transacciones_delta2	9.08927964572895e-05	0.000528623103264728	0.00044610445842044
vm_mconsumosdolares_rank	9.07134702634755e-05	0.000770971563977508	0.000463598750907516
mpagomiscuentas_rank_lag2	8.98866155385816e-05	0.000221163129524885	0.000472345897151055
ccomisiones_otras_delta1	8.96346602087337e-05	0.000189309212789959	0.000481093043394593
matm_rank_delta2	8.86344016233572e-05	0.000702021216322858	0.000524828774612283
Visa_status_avg3	8.82759790023398e-05	0.00128441613945915	0.000498587335881669
vm_status01_delta1	8.79616465553613e-05	0.000310380903074064	0.000148701486140147
active_quarter_avg3	8.74640309183547e-05	0.00022482122794646	0.000306150118523832
catm_trx_avg3	8.7117236862417e-05	0.000211740547650986	0.000437357312176902
mtarjeta_master_consumo_rank_delta2	8.63135067243826e-05	0.000978611225174251	0.000411115873446288
mtarjeta_master_consumo_rank_lag1	8.60036595426748e-05	0.00220837293892567	0.000778496015674886
ctarjeta_master_transacciones_tend3	8.55805458971986e-05	0.000962141796987692	0.00035863299598506
ccomisiones_otras_delta2	8.53297130410887e-05	0.000176993418745483	0.000498587335881669
vm_status03_avg3	8.40712178428749e-05	4.48343853789696e-05	0.000192437217357837
Master_msaldototal_rank_lag2	8.24903588204278e-05	0.000370521252500629	0.000411115873446288
Master_mconsumototal_rank_lag2	8.17844022158335e-05	0.000595638249598824	0.000472345897151055
Master_mconsumospesos_rank_lag1	8.1578481190214e-05	0.000272182651464946	0.000411115873446288
ccuenta_debitos_automaticos_delta2	7.9482095058569e-05	0.00076766126595832	0.000349885849741522
Visa_mconsumosdolares_rank_delta2	7.92075504114447e-05	0.000226241281078532	0.000376127288472136
ctarjeta_debito_transacciones_lag2	7.87306478946334e-05	0.000151919176955834	0.000393621580959212
vm_mconsumosdolares_rank_lag2	7.70002736733512e-05	0.000554813285526649	0.000463598750907516
vmr_mconsumototal	7.62201361400356e-05	0.000128863855157111	0.000349885849741522
tcallcenter_delta1	7.55204485721766e-05	0.000388081919002309	0.000209931509844913
Visa_Finiciomora_avg3	7.54921028247106e-05	0.00107157408456004	0.000349885849741522
Master_cconsumos	7.50296568989664e-05	0.000194400066177888	0.000279908679793218
thomebanking_tend3	7.49240131310553e-05	0.000416836812059125	0.000253667241062603
ccajas_depositos_avg3	7.48684046082243e-05	0.00086109092894829	0.000428610165933364
vm_mpagado_rank_delta2	7.45281489319417e-05	0.000227351699014161	0.000349885849741522
Master_mpagominimo_rank_lag1	7.3489533584985e-05	0.000177632958340432	0.000306150118523832
Visa_mconsumosdolares_rank_delta1	7.31644613970956e-05	0.000448305479622906	0.000454851604663978
ccajas_transacciones_lag1	7.25517636024556e-05	0.000252139455483947	0.000279908679793218
catm_trx_lag2	7.23722961286846e-05	0.000574027683089324	0.000411115873446288
ccajas_depositos_delta1	7.22712044577362e-05	0.00132537059955274	0.000454851604663978
vmr_msaldodolares_avg3	7.13740142866165e-05	0.000643547702787487	0.000463598750907516
ctarjeta_master_delta1	7.1043193247774e-05	0.000333513197092987	0.000104965754922457
vm_mconsumototal_rank_delta1	6.99647168661229e-05	0.000405917936195914	0.000384874434715674
Master_fultimo_cierre_delta2	6.96833093696115e-05	9.85305614242812e-05	0.000271161533549679
ctarjeta_debito_lag1	6.89880003603326e-05	0.000279674703785777	0.000384874434715674
Master_msaldototal_rank_delta2	6.86746854725365e-05	0.000660960783228794	0.000437357312176902
ccajas_extracciones_lag2	6.79018225035671e-05	0.000819057454749066	0.000384874434715674
Visa_msaldodolares_rank_lag2	6.75124901502841e-05	0.000258857382499232	0.000271161533549679
ctarjeta_debito	6.74994456120632e-05	0.000202970640053784	0.000297402972280294
cpayroll_trx_lag1	6.72641459346415e-05	0.000148785167261795	0.000262414387306141
vm_mconsumototal_rank_lag2	6.67410240383517e-05	0.000239135702631349	0.00031489726476737
mtarjeta_visa_consumo_rank_lag2	6.66992996315405e-05	0.000461530133941272	0.000393621580959212
vmr_mconsumototal_avg3	6.66110519103963e-05	0.000193871574346812	0.000297402972280294
Master_fultimo_cierre_tend3	6.61673814898146e-05	7.78769012574763e-05	0.000244920094819065
ctransferencias_emitidas	6.60611530006019e-05	0.000254332186121418	0.000306150118523832
vmr_msaldototal_tend3	6.54271824916878e-05	0.000344379355119908	0.000419863019689826
cpagomiscuentas_delta2	6.52572110546405e-05	0.00118414506851968	0.000428610165933364
vm_mconsumospesos_rank_delta1	6.49909790939242e-05	0.000284681166843472	0.000411115873446288
Master_msaldopesos_rank_lag2	6.38514004376713e-05	0.000147490639895068	0.000279908679793218
ctransferencias_recibidas_delta1	6.37828140776351e-05	0.000201754562558954	0.000341138703497984
thomebanking_delta1	6.20046777008649e-05	0.000480716306863964	0.000306150118523832
mpagomiscuentas_rank_delta2	5.94615877738762e-05	0.000535686084339853	0.000367380142228598
ccomisiones_mantenimiento_lag1	5.8272806543156e-05	0.000149057279060607	0.000262414387306141
Visa_Fvencimiento_tend3	5.82518297551342e-05	9.28878573678488e-05	0.000218678656088451
Master_delinquency_tend3	5.75836653149984e-05	0.000296115668519956	0.000122460047409533
vm_mpagado_rank	5.73782874182196e-05	0.000533482353406418	0.000279908679793218
ctarjeta_master_transacciones_avg3	5.70320426142497e-05	0.000886749559595319	0.00040236872720275
vm_mconsumototal_rank_lag1	5.63772684449989e-05	9.40330374327865e-05	0.000253667241062603
Visa_delinquency_delta2	5.61093604275844e-05	5.86930716814152e-05	7.87243161918424e-05
Visa_fultimo_cierre_delta1	5.60576451681751e-05	0.000118176388505067	0.000244920094819065
mtarjeta_master_consumo_rank_lag2	5.54967617790664e-05	0.000281477856777435	0.000253667241062603
matm_rank_lag1	5.53363222774421e-05	0.000426442801852711	0.000332391557254446
Master_fultimo_cierre_delta1	5.49941882945865e-05	0.000101275605429272	0.000227425802331989
vm_status03_delta2	5.41447475566647e-05	8.50444373844737e-05	3.49885849741522e-05
Master_mconsumospesos_rank	5.38133275527829e-05	0.000156218083663209	0.000244920094819065
vm_status06_delta1	5.28030257695388e-05	0.000364147454147152	0.000236172948575527
Visa_fultimo_cierre_tend3	5.25010788405593e-05	7.27769729985215e-05	0.000183690071114299
vmr_mpagado_lag2	5.22648681613013e-05	0.000161719276449577	0.000227425802331989
Master_cconsumos_tend3	5.19765926070111e-05	0.000533338797305218	0.00031489726476737
tcallcenter_tend3	5.19617744154199e-05	0.000116573658816269	7.87243161918424e-05
ccaja_seguridad_lag1	5.14533590009879e-05	6.30843987858191e-05	2.62414387306141e-05
Master_cconsumos_avg3	5.08187298825495e-05	0.000198545580698526	0.000236172948575527
ctarjeta_debito_delta2	5.05976361586816e-05	0.000896602093335632	0.000306150118523832
ccaja_ahorro_lag1	5.03628023242891e-05	0.00066382296471374	0.000297402972280294
mextraccion_autoservicio_rank	5.03584526638819e-05	0.00020606094707946	0.000323644411010908
vmr_mconsumosdolares_lag2	5.02125193917241e-05	0.000245763045119895	0.000271161533549679
ctransferencias_emitidas_delta1	4.95748239307113e-05	0.000231832416583327	0.000183690071114299
vmr_mconsumosdolares_lag1	4.93179612878567e-05	0.000331502650461677	0.000306150118523832
ccajas_transacciones_lag2	4.84679493069802e-05	9.36638633210085e-05	0.000236172948575527
Master_mconsumospesos_rank_lag2	4.83939384910505e-05	0.000270975156290577	0.000253667241062603
cseguro_accidentes_personales	4.83134583299901e-05	0.000341882705857709	0.000253667241062603
mextraccion_autoservicio_rank_delta1	4.81501286190358e-05	0.000295182359827085	0.000306150118523832
vm_status04_avg3	4.78894382003506e-05	4.25252336987291e-05	0.000148701486140147
ccajas_transacciones_delta2	4.74647968719999e-05	0.000654785482753239	0.000306150118523832
Master_msaldopesos_rank_delta2	4.7150601112633e-05	0.000212449298063284	0.000244920094819065
vmr_mconsumototal_tend3	4.67869606912617e-05	0.000186559750755653	0.000244920094819065
thomebanking_lag1	4.65455213468327e-05	8.47697732781852e-05	0.000227425802331989
tcuentas_lag2	4.55877211967962e-05	0.00170908116213721	0.000559817359586435
vmr_mconsumototal_delta1	4.54483824205133e-05	0.000429758338818823	0.000271161533549679
vmr_mconsumototal_delta2	4.54475721515849e-05	0.000170231251733945	0.000227425802331989
ctransferencias_emitidas_lag1	4.54252243057994e-05	0.000152234916794136	0.000227425802331989
vm_fultimo_cierre_delta1	4.47737969108768e-05	8.42062655796299e-05	0.000218678656088451
Master_mconsumototal_rank_delta1	4.44703943951108e-05	8.78870661045448e-05	0.000192437217357837
ctarjeta_master_debitos_automaticos_avg3	4.38835164086648e-05	0.000121971236874572	0.000192437217357837
ctarjeta_visa_descuentos_avg3	4.36268984295411e-05	0.00131715784127407	0.000463598750907516
mcuenta_debitos_automaticos_rank_delta1	4.31404249050353e-05	0.000288962819355277	0.000253667241062603
cextraccion_autoservicio_delta1	4.30478829116489e-05	0.000443667951864593	0.000306150118523832
mtarjeta_master_consumo_rank_avg3	4.28301136164289e-05	0.000164511426199565	0.000192437217357837
Master_mpagospesos_rank_lag1	4.24695471728728e-05	0.000139162833744897	0.000244920094819065
ccajas_depositos_lag1	4.21739847986483e-05	0.000821319470832759	0.000297402972280294
cextraccion_autoservicio_delta2	4.19287325008366e-05	0.000172968250746365	0.000201184363601375
cextraccion_autoservicio_lag2	4.19162939655177e-05	0.000117724480824049	0.000201184363601375
vmr_mpagado_delta2	4.16767514090516e-05	0.000172998430662837	0.000209931509844913
tcallcenter_lag2	4.11145140807998e-05	0.00016540852496298	0.000236172948575527
vm_mconsumosdolares_rank_lag1	4.10910091880098e-05	7.3282941835554e-05	0.000201184363601375
cpagomiscuentas_lag1	4.0612921006042e-05	0.000189226643404241	0.000367380142228598
Visa_mpagado_rank_lag1	4.01626886093641e-05	0.000143161747306293	0.000148701486140147
Master_msaldopesos_rank_delta1	4.01093923884073e-05	0.000180006738625184	0.000192437217357837
Master_fechaalta_delta2	3.88312916839522e-05	2.90768718689483e-05	9.62186086789185e-05
vmr_mconsumosdolares_delta1	3.69911211411731e-05	0.00052048692913611	0.000262414387306141
Master_cconsumos_lag1	3.67824088283287e-05	8.65758069443636e-05	0.000157448632383685
catm_trx_lag1	3.66597260404973e-05	0.000162066554449849	0.000218678656088451
cforex_lag1	3.65605663281564e-05	0.000736798689328354	0.000306150118523832
mpagomiscuentas_rank_delta1	3.64748153680902e-05	0.000487441129587167	0.000279908679793218
cseguro_vida_lag2	3.57832873151213e-05	0.000322224042610669	0.000201184363601375
thomebanking_lag2	3.51531261753205e-05	7.14577584004176e-05	0.000183690071114299
cextraccion_autoservicio	3.47236153554737e-05	0.000204550682565016	0.000209931509844913
ctransferencias_emitidas_lag2	3.46365237292624e-05	0.000117584939756247	0.000192437217357837
ccuenta_debitos_automaticos_lag1	3.45317601235353e-05	7.20177883934645e-05	0.000174942924870761
vm_status02_delta2	3.44598602370042e-05	0.00044475056308193	0.000192437217357837
Master_mconsumototal_rank_lag1	3.41268790970657e-05	0.00011749550451416	0.000174942924870761
Visa_mpagado_rank_lag2	3.38075111994452e-05	0.000111743931856964	0.000157448632383685
mtarjeta_visa_descuentos_rank_delta2	3.31694585062369e-05	0.000356678148706985	0.000183690071114299
ctarjeta_master_transacciones_delta2	3.21537144577602e-05	0.000148163881889322	0.000122460047409533
catm_trx	3.15038145590315e-05	0.000306501440487704	0.000209931509844913
ccajas_transacciones_tend3	3.10817696232505e-05	0.000551783293556592	0.000253667241062603
vm_status03_delta1	3.05080954510022e-05	1.57586180173501e-05	8.74714624353805e-06
Master_mpagospesos_rank_delta1	3.02474383734907e-05	0.000142838589357959	0.000201184363601375
matm_rank_lag2	2.99946959231217e-05	8.85630544413455e-05	0.000174942924870761
Visa_msaldodolares_rank_lag1	2.93396162695666e-05	0.000205353987760128	0.000157448632383685
ctarjeta_master_transacciones_lag2	2.92534072697247e-05	0.000274327186775865	0.000148701486140147
ctarjeta_master_descuentos_avg3	2.90883199412725e-05	0.00138471945007199	0.000437357312176902
Master_mpagado_rank_delta2	2.89137256366075e-05	0.00146879983166769	0.000481093043394593
Visa_mpagosdolares_rank_lag1	2.87837876898891e-05	0.000321925795780333	0.000157448632383685
Master_delinquency	2.86927536658948e-05	0.00011685263647145	7.87243161918424e-05
mtarjeta_master_consumo_rank_tend3	2.86540083097608e-05	0.000447995874278012	0.000209931509844913
Visa_msaldodolares_rank	2.84712619761017e-05	0.000196037453515572	0.000139954339896609
mv_status07_rank_lag2	2.7311983278499e-05	0.00100221599459175	0.000332391557254446
cextraccion_autoservicio_lag1	2.6944428386778e-05	3.54947460351564e-05	0.000122460047409533
cprestamos_prendarios_lag2	2.64124958146337e-05	0.0017025448818002	0.000533575920855821
Master_mconsumospesos_rank_delta2	2.6295036632926e-05	5.78399442503078e-05	0.000139954339896609
Visa_mpagosdolares_rank_lag2	2.62878907942595e-05	5.39374064162405e-05	0.000122460047409533
cpagomiscuentas_lag2	2.61099508540184e-05	0.000149442184938934	0.000174942924870761
vmr_mpagado_lag1	2.58664715001905e-05	0.00019239801231239	0.000174942924870761
Master_mconsumosdolares_rank	2.47304734171797e-05	3.72575098804386e-05	6.99771699483044e-05
cseguro_vivienda_avg3	2.38030881835343e-05	0.000119246148630375	0.000113712901165995
mtarjeta_visa_descuentos_rank_delta1	2.3054944353327e-05	0.000142567791027321	0.000131207193653071
matm_rank	2.27822210098228e-05	0.00014038528454553	0.000131207193653071
minversion2_rank_lag2	2.27425073128742e-05	0.0011634722138066	0.000367380142228598
mv_status07_rank_delta1	2.25576402117434e-05	0.000430989760010059	0.000166195778627223
Visa_Finiciomora_tend3	2.22029321260414e-05	5.73141838360044e-05	2.62414387306141e-05
Master_status_delta1	2.18741690366137e-05	8.31406846712424e-05	3.49885849741522e-05
ccheques_emitidos_lag2	2.18493894879756e-05	1.13439917786175e-05	6.12300237047663e-05
vmr_msaldodolares2_lag2	2.17027315586603e-05	0.000116439968652155	9.62186086789185e-05
vm_status03_tend3	2.13765141219869e-05	1.78337036985244e-05	8.74714624353805e-06
Master_mconsumototal_rank	2.05705095782613e-05	8.21395532580702e-05	0.000104965754922457
active_quarter_lag2	2.02646115895142e-05	4.71828216982575e-05	6.12300237047663e-05
ccuenta_debitos_automaticos_tend3	1.99771137470376e-05	0.000104141279545501	6.12300237047663e-05
tcallcenter_lag1	1.98090737645599e-05	0.000113123237624066	0.000122460047409533
ccajas_transacciones_delta1	1.97998257704878e-05	8.63719357875439e-05	5.24828774612283e-05
cforex_sell_avg3	1.96870419510119e-05	7.7015370615205e-05	8.74714624353805e-05
Master_mconsumospesos_rank_delta1	1.92084950758859e-05	8.68681282421388e-05	0.000131207193653071
Master_cconsumos_delta1	1.87632162330252e-05	4.06567207395977e-05	9.62186086789185e-05
Master_status_tend3	1.85751225426035e-05	0.000157699004104565	9.62186086789185e-05
vmr_mpagosdolares_delta1	1.81634731458512e-05	0.000698966581898748	0.000236172948575527
cseguro_vivienda_lag2	1.8144901029316e-05	6.96063653048832e-05	6.99771699483044e-05
cpayroll_trx_delta1	1.79557296311891e-05	0.000141605033780939	9.62186086789185e-05
matm_rank_delta1	1.78172023932634e-05	4.78581383751961e-05	0.000104965754922457
Master_delinquency_delta2	1.77031958151751e-05	3.81637432179786e-05	4.37357312176902e-05
cextraccion_autoservicio_tend3	1.73268157798451e-05	4.92399367466761e-05	8.74714624353805e-05
ccheques_emitidos_avg3	1.67813246068249e-05	0.000555026679327736	0.000192437217357837
cforex_lag2	1.67712263008135e-05	3.24908443192996e-05	6.12300237047663e-05
Visa_mpagado_rank_delta1	1.64911245984916e-05	7.11874078430214e-05	8.74714624353805e-05
Master_mpagosdolares_rank	1.62233263493312e-05	2.31431450571408e-05	6.99771699483044e-05
cpayroll_trx_delta2	1.6193586619711e-05	8.75741920149883e-05	5.24828774612283e-05
Visa_msaldodolares_rank_delta2	1.58196736072227e-05	0.00013444487098665	9.62186086789185e-05
vmr_msaldodolares_lag2	1.56245798570964e-05	4.02549785873935e-05	6.99771699483044e-05
vm_mpagado_rank_lag1	1.55423615119995e-05	9.32911070232991e-05	7.87243161918424e-05
ccallcenter_transacciones_lag1	1.55360378898263e-05	0.000112828767014732	9.62186086789185e-05
Master_mconsumosdolares_rank_lag1	1.51936604379963e-05	2.76794760628921e-05	8.74714624353805e-05
Master_mpagosdolares_rank_lag2	1.51003482746968e-05	1.88450294158263e-05	6.12300237047663e-05
vmr_mpagado_tend3	1.46807076743771e-05	6.11550483689531e-05	6.99771699483044e-05
Master_mpagado_rank	1.40778033734948e-05	3.04617001726953e-05	4.37357312176902e-05
cseguro_vida	1.37825201989315e-05	3.26974916702161e-05	5.24828774612283e-05
catm_trx_other_lag1	1.34624866725922e-05	3.50390472073608e-05	6.12300237047663e-05
vm_msaldodolares_rank_lag2	1.33998551843341e-05	5.92707737917236e-05	6.99771699483044e-05
ccajas_extracciones_delta1	1.32752106809909e-05	0.000357380943735173	0.000131207193653071
Visa_Fvencimiento_delta1	1.32173621390545e-05	2.18035567765522e-05	6.99771699483044e-05
vmr_mconsumosdolares_delta2	1.31172920595916e-05	9.82573749696894e-05	8.74714624353805e-05
vm_mconsumosdolares_rank_delta2	1.28004767592477e-05	0.000103153193259429	8.74714624353805e-05
mttarjeta_master_debitos_automaticos_rank_lag2	1.24656847418064e-05	8.93456128096047e-05	7.87243161918424e-05
Master_mpagado_rank_lag2	1.24518183977896e-05	3.91677553056706e-05	7.87243161918424e-05
Master_Fvencimiento_delta1	1.24093482389014e-05	1.28190016131869e-05	5.24828774612283e-05
cseguro_accidentes_personales_lag1	1.23352418984555e-05	6.40874854754788e-05	5.24828774612283e-05
Master_cconsumos_delta2	1.22608155126103e-05	2.52811727302844e-05	6.99771699483044e-05
Master_mconsumosdolares_rank_lag2	1.19778015913034e-05	1.98012043955596e-05	5.24828774612283e-05
active_quarter	1.15425410431043e-05	2.39500921412828e-05	4.37357312176902e-05
Visa_delinquency_delta1	1.14787202120799e-05	2.19210972524256e-05	5.24828774612283e-05
mttarjeta_master_debitos_automaticos_rank_lag1	1.14654780536656e-05	0.00015695850656945	7.87243161918424e-05
cpayroll_trx_tend3	1.14365396323e-05	4.59043544651231e-05	2.62414387306141e-05
vm_status03_lag1	1.14279299182236e-05	3.4792279374013e-06	1.74942924870761e-05
mtarjeta_master_consumo_rank_delta1	1.12714589310129e-05	0.000134333793371228	7.87243161918424e-05
vmr_mconsumosdolares_tend3	1.1165495789753e-05	0.000294218468221824	0.000122460047409533
Visa_mpagosdolares_rank_delta1	1.08676397443886e-05	1.42325769590332e-05	3.49885849741522e-05
ctarjeta_master_debitos_automaticos_lag2	1.0737982229424e-05	3.13440373449181e-05	5.24828774612283e-05
catm_trx_other	1.06176942936741e-05	3.9201039783283e-05	6.12300237047663e-05
cseguro_vivienda	1.0511728426876e-05	7.3814418821573e-05	6.12300237047663e-05
vm_status01_lag1	1.03198311917791e-05	4.97324425349166e-05	1.74942924870761e-05
vm_status03	1.01740850856953e-05	1.7389169350215e-05	3.49885849741522e-05
vm_Fvencimiento_delta1	1.0030883885643e-05	2.59306230396434e-05	6.12300237047663e-05
catm_trx_other_lag2	9.99654411945522e-06	2.94233737289357e-05	5.24828774612283e-05
ccallcenter_transacciones_lag2	9.90384729309275e-06	3.16339108156402e-05	5.24828774612283e-05
active_quarter_lag1	9.7979751400081e-06	1.50927493558056e-05	2.62414387306141e-05
vm_msaldodolares_rank	9.75019779804485e-06	8.65681798734847e-05	6.12300237047663e-05
ccajas_otras_avg3	9.73126964407062e-06	5.88594642179277e-05	4.37357312176902e-05
vm_status02_delta1	9.51425332547094e-06	1.14198744172639e-05	3.49885849741522e-05
vm_mpagado_rank_delta1	9.3368564020622e-06	5.87739246030413e-05	6.12300237047663e-05
Master_mconsumototal_rank_delta2	9.13845550992112e-06	3.07836192817286e-05	5.24828774612283e-05
Master_delinquency_avg3	8.81100814609634e-06	1.43372812686525e-05	2.62414387306141e-05
Master_status_delta2	8.75515171129023e-06	3.45236005033848e-05	2.62414387306141e-05
ccajas_extracciones_lag1	8.65943685531957e-06	8.18431422980233e-05	3.49885849741522e-05
vmr_mpagado_delta1	8.56547015213505e-06	3.6474190297669e-05	5.24828774612283e-05
Master_fechaalta_delta1	8.54518811502188e-06	9.73182900020036e-06	3.49885849741522e-05
ccheques_depositados_lag2	8.48542803734698e-06	1.89846003351776e-05	1.74942924870761e-05
vm_fechaalta_delta1	8.34951821223827e-06	1.13082146966278e-05	5.24828774612283e-05
mtarjeta_visa_descuentos_rank	8.1624016459584e-06	0.000110443225219505	6.12300237047663e-05
cseguro_vivienda_lag1	7.98624025012215e-06	2.19138881032387e-05	2.62414387306141e-05
vm_mconsumosdolares_rank_delta1	7.968866175674e-06	5.77525836909063e-05	6.12300237047663e-05
Visa_fechaalta_delta1	7.85538738127261e-06	1.17867947370601e-05	3.49885849741522e-05
matm_other_rank_delta1	7.63796342668729e-06	0.000141004510161093	6.99771699483044e-05
Visa_mpagosdolares_rank_delta2	7.38063087116414e-06	1.36373669149852e-05	3.49885849741522e-05
Visa_cadelantosefectivo_avg3	7.33791444309099e-06	9.38165539963335e-06	2.62414387306141e-05
Master_mpagado_rank_lag1	7.31640852728128e-06	2.6777839863964e-05	3.49885849741522e-05
cliente_edad_delta2	7.30848251261584e-06	2.80808301449537e-05	4.37357312176902e-05
ctarjeta_master_debitos_automaticos	6.8727168811035e-06	1.88578954336298e-05	3.49885849741522e-05
catm_trx_other_delta1	6.8346338681079e-06	1.22175973726325e-05	2.62414387306141e-05
Visa_mpagosdolares_rank	6.77112666066658e-06	1.59722058535086e-05	3.49885849741522e-05
vm_msaldodolares_rank_delta2	6.65379985424623e-06	0.000186061468692599	7.87243161918424e-05
vmr_msaldodolares2_delta2	6.57404399564994e-06	0.00013932558439238	6.99771699483044e-05
ctarjeta_visa_descuentos_delta1	6.39784821322797e-06	2.17043600778024e-05	3.49885849741522e-05
catm_trx_delta1	6.3515533400727e-06	0.000145276460919333	6.99771699483044e-05
vmr_Visa_mlimitecompra_tend3	6.20692776624762e-06	6.52488600059813e-05	4.37357312176902e-05
mplazo_fijo_dolares_rank_lag1	6.20323966491986e-06	9.56812907344623e-05	4.37357312176902e-05
mtarjeta_master_descuentos_rank_delta1	6.05854722206655e-06	2.03989219697596e-05	3.49885849741522e-05
cseguro_vida_lag1	5.99876100909306e-06	3.48831325646976e-05	1.74942924870761e-05
ccajeros_propios_descuentos_lag2	5.73469562729325e-06	1.84038682926022e-05	1.74942924870761e-05
cliente_edad_tend3	5.66192241109194e-06	1.82729990999092e-05	2.62414387306141e-05
catm_trx_other_tend3	5.51141953132128e-06	1.6105925869172e-05	1.74942924870761e-05
vmr_Visa_mlimitecompra_delta2	5.50482686491731e-06	3.1164883271025e-05	2.62414387306141e-05
catm_trx_delta2	5.39744887060053e-06	7.22412123151596e-05	4.37357312176902e-05
ccajas_transacciones	5.02666962975709e-06	1.85026022923359e-05	2.62414387306141e-05
vm_status06_lag1	4.82570755302705e-06	3.80015896014848e-05	1.74942924870761e-05
cpagomiscuentas_delta1	4.55970909253554e-06	0.000147859828932621	6.12300237047663e-05
mforex_sell_rank_lag2	4.08313890471377e-06	1.23686014354149e-05	1.74942924870761e-05
vmr_msaldodolares2_tend3	3.98102258071635e-06	0.000174436006654423	6.12300237047663e-05
vmr_msaldodolares	3.95678959584395e-06	6.0832233713437e-06	2.62414387306141e-05
vmr_msaldodolares2_lag1	3.84554798300135e-06	1.90111682141687e-05	1.74942924870761e-05
vm_msaldodolares_rank_lag1	3.77814669074328e-06	8.04226115411603e-06	1.74942924870761e-05
Master_cadelantosefectivo	3.66184028105193e-06	1.5922070176244e-06	8.74714624353805e-06
vmr_msaldodolares_tend3	3.58453438268105e-06	2.86888763552558e-05	2.62414387306141e-05
cplazo_fijo_avg3	3.47246166734347e-06	1.5136004250927e-05	1.74942924870761e-05
Master_delinquency_lag1	3.43524694363911e-06	4.29189159325877e-06	8.74714624353805e-06
vm_status03_lag2	3.31485491472854e-06	4.25939818170622e-06	8.74714624353805e-06
vmr_msaldodolares_lag1	3.17651435750696e-06	7.22162713456124e-06	1.74942924870761e-05
mtarjeta_visa_descuentos_rank_lag2	3.15366941834236e-06	2.53898622217523e-05	1.74942924870761e-05
Master_mconsumosdolares_rank_delta1	2.9883386395839e-06	4.70127574211653e-06	1.74942924870761e-05
ctarjeta_master_debitos_automaticos_delta2	2.90751030034214e-06	3.37692219977858e-05	2.62414387306141e-05
Visa_msaldodolares_rank_delta1	2.78618703340688e-06	5.32891949461828e-06	1.74942924870761e-05
ctarjeta_visa_tend3	2.73763399578166e-06	2.57869027549215e-05	8.74714624353805e-06
Master_mpagosdolares_rank_delta2	2.71274990594925e-06	3.6189630402745e-06	1.74942924870761e-05
vm_status06_lag2	2.62940548417667e-06	3.2392214799989e-06	8.74714624353805e-06
mttarjeta_master_debitos_automaticos_rank	2.62817458628564e-06	1.96963209766438e-05	1.74942924870761e-05
ccuenta_debitos_automaticos_delta1	2.59942217357367e-06	1.59604443430339e-05	8.74714624353805e-06
vmr_mpagosdolares_lag1	2.58654956828136e-06	3.1977099153641e-05	1.74942924870761e-05
Master_mpagado_rank_delta1	2.55502681391948e-06	3.48797444138375e-06	8.74714624353805e-06
vmr_Master_mlimitecompra_delta1	2.51801773767884e-06	1.73198839039922e-05	1.74942924870761e-05
Master_mconsumosdolares_rank_delta2	2.45458266366161e-06	1.8774415575654e-05	2.62414387306141e-05
ccajas_consultas_lag1	2.37071859748089e-06	2.68430654994645e-05	1.74942924870761e-05
vm_Finiciomora_lag2	2.3456303536304e-06	2.35597234294108e-05	8.74714624353805e-06
Master_msaldodolares_rank	2.30636303824753e-06	5.18345289425486e-06	8.74714624353805e-06
Master_cadelantosefectivo_lag2	2.29208711676582e-06	6.39727659710264e-06	1.74942924870761e-05
vm_mpagosdolares_rank	2.28238808344444e-06	4.63380676267648e-05	1.74942924870761e-05
ccajas_depositos_tend3	2.19987409211629e-06	2.15466841937229e-05	8.74714624353805e-06
Visa_cadelantosefectivo_delta1	2.04299240735636e-06	7.47281299722447e-06	8.74714624353805e-06
mtarjeta_master_descuentos_rank_delta2	2.01026265023359e-06	5.22720033994183e-06	8.74714624353805e-06
vmr_Visa_mlimitecompra_delta1	2.00812209460727e-06	9.67917086700909e-06	8.74714624353805e-06
vm_mpagosdolares_rank_lag1	1.92811350767368e-06	3.2195985639823e-05	1.74942924870761e-05
mcajeros_propios_descuentos_rank_delta2	1.85270249312242e-06	3.98188325244734e-06	8.74714624353805e-06
ctarjeta_visa_lag2	1.83726414823198e-06	1.95347494653639e-05	8.74714624353805e-06
mv_status07_rank_lag1	1.81649315701845e-06	1.50715995330358e-06	8.74714624353805e-06
mtarjeta_master_descuentos_rank_lag2	1.80007436506969e-06	1.14083218676352e-05	8.74714624353805e-06
vm_status02_lag1	1.79625920885468e-06	1.60432674669223e-06	8.74714624353805e-06
Master_madelantopesos_rank_delta2	1.74418634388844e-06	1.93754466718405e-06	8.74714624353805e-06
ccajas_depositos_lag2	1.68431492984157e-06	4.40884847134082e-05	1.74942924870761e-05
Master_cadelantosefectivo_tend3	1.65791566474182e-06	2.42245323609506e-06	8.74714624353805e-06
cforex_sell_lag2	1.57568639882368e-06	5.00435852346062e-06	8.74714624353805e-06
catm_trx_other_delta2	1.57442892926792e-06	1.54459976659637e-05	2.62414387306141e-05
vmr_msaldodolares_delta1	1.52414803804962e-06	2.19735762763203e-06	8.74714624353805e-06
vmr_mpagosdolares	1.4350837941735e-06	4.71747916314614e-05	1.74942924870761e-05
Master_cadelantosefectivo_avg3	1.31081500441553e-06	1.87752812705874e-06	8.74714624353805e-06
vmr_msaldodolares2	1.29975021506243e-06	1.94229703385302e-05	8.74714624353805e-06
Master_status_lag1	1.29205284692345e-06	2.44173733702565e-06	8.74714624353805e-06
Master_madelantodolares_rank_delta2	1.28572392301834e-06	6.81207880218162e-06	8.74714624353805e-06
Visa_cadelantosefectivo_tend3	1.2530253789093e-06	1.53011579481383e-06	8.74714624353805e-06
mtarjeta_visa_descuentos_rank_lag1	1.25239805707101e-06	7.39413923870656e-06	8.74714624353805e-06
mplazo_fijo_dolares_rank_lag2	1.12692457939288e-06	2.28091211448144e-06	8.74714624353805e-06
Master_msaldodolares_rank_lag2	1.0666751742562e-06	3.68562155014758e-06	8.74714624353805e-06
Visa_madelantopesos_rank_delta1	1.00519838082573e-06	1.50010006186382e-06	8.74714624353805e-06
vmr_mpagosdolares_lag2	9.1353863111319e-07	2.94270006921912e-05	4.37357312176902e-05
mforex_buy_rank_delta2	8.9969230860196e-07	8.37317154983705e-05	2.62414387306141e-05
ctarjeta_visa_descuentos	8.4788105797455e-07	1.35497675431883e-05	8.74714624353805e-06
mforex_sell_rank	8.25990430569678e-07	2.15079667341146e-05	8.74714624353805e-06
ctarjeta_master_descuentos_delta1	6.8637275331471e-07	2.27415372369091e-05	8.74714624353805e-06
catm_trx_tend3	6.83975101022609e-07	2.0972295605401e-05	8.74714624353805e-06
vmr_mpagosdolares_delta2	6.16023586057071e-07	2.18469907809702e-05	8.74714624353805e-06
cplazo_fijo_lag1	6.12589146470141e-07	2.56900643285766e-05	8.74714624353805e-06
