Feature	Gain	Cover	Frequency
ctrx_quarter_normalizado	0.182650776052569	0.00767532897374805	0.00526024363233666
mcaja_ahorro_rank	0.0784444417494793	0.00706061271112529	0.00695598006644518
ctrx_quarter	0.05112909051867	0.00286034994744445	0.0028031561461794
cpayroll_trx	0.0349601090027895	0.00687352554624084	0.00370293466223699
mcuentas_saldo_rank_avg3	0.0333040981246026	0.00422751157577108	0.00508720930232558
mtarjeta_visa_consumo_rank	0.0270376560848742	0.00533305597418143	0.00422203765227021
mprestamos_personales_rank	0.0211811293035689	0.013479781027744	0.00692137320044297
vm_status06_avg3	0.0172725710750281	6.61034506482102e-05	0.000138427464008859
cdescubierto_preacordado_avg3	0.0150534261271005	0.00646730388397839	0.00290697674418605
cdescubierto_preacordado_delta2	0.0149192000109268	0.00229801147813702	0.000761351052048727
mcuenta_corriente_rank	0.0147600597855591	0.007106572960632	0.00858250276854928
mcuentas_saldo_rank	0.0142401733965731	0.00875121084048457	0.0101052048726467
cdescubierto_preacordado_tend3	0.0142246972645544	0.00162302537757582	0.000519102990033223
vm_status04_tend3	0.0137370230907024	0.000986784294938157	0.000380675526024363
vm_status06_delta2	0.0109395120952392	0.000409099720322909	0.000173034330011074
vm_mpagospesos_rank	0.00938496970993521	0.00111174911151352	0.0018687707641196
mpasivos_margen_rank_avg3	0.00936085385294566	0.00194435821660885	0.00335686600221484
vm_status01	0.00925627591028939	0.00287389005458064	0.000830564784053156
mpayroll_sobre_edad_rank	0.00910605106000448	0.00816801246904559	0.00352990033222591
mpasivos_margen_rank	0.00842365004383653	0.00208732945108174	0.004187430786268
foto_mes	0.00812775037737019	0.00845322256673518	0.0114548726467331
cproductos_tend3	0.00811607875418602	0.00298056816918017	0.00145348837209302
mprestamos_personales_rank_delta2	0.00785353801393754	0.0101850190366378	0.00380675526024363
ctrx_quarter_delta2	0.00648556487791829	0.00221998259882049	0.0032530454042082
vm_status06	0.00624605884469352	0.000240489722376279	6.92137320044297e-05
ctarjeta_visa_transacciones	0.00512409841782055	0.00519227886188085	0.00598698781838317
mprestamos_personales_rank_lag1	0.00502441473337949	0.00162447829616012	0.0011766334440753
Visa_Finiciomora	0.00492199703143911	0.00243115047535432	0.000726744186046512
mcuentas_saldo_rank_delta2	0.00483060836022895	0.00276935399413277	0.00505260243632337
vm_mpagominimo_rank	0.00479612137551977	0.00387121680597254	0.00263012181616833
ctrx_quarter_delta1	0.00465020269840091	0.00380230495871968	0.00366832779623477
ccaja_ahorro	0.00450593961664924	0.021970349969922	0.00681755260243632
cproductos_delta2	0.00450392683641982	0.00277878535748933	0.00190337763012182
ctarjeta_visa_transacciones_delta2	0.00447736236739164	0.0034255998809706	0.00221483942414175
mprestamos_personales_rank_delta1	0.00444338959772558	0.00837987667522351	0.00415282392026578
cproductos_delta1	0.00407882319522584	0.00253311176861986	0.00159191583610188
ctrx_quarter_normalizado_delta1	0.00377821749569343	0.00339754490491638	0.00308001107419712
mv_status07_rank	0.00377433341954043	0.000323794495385283	0.000207641196013289
mactivos_margen_rank	0.00368358284076183	0.00545965505705733	0.00806339977851606
mcuenta_corriente_rank_delta2	0.0035999338852949	0.00227851723969881	0.00294158361018826
mpayroll_rank	0.00356047959911872	0.00226844888002401	0.00207641196013289
mrentabilidad_annual_rank_lag2	0.00347486727535626	0.00303572251996852	0.00695598006644518
ccomisiones_mantenimiento_tend3	0.00345115557069656	0.00090188492989333	0.000692137320044297
vm_Finiciomora	0.00309983911743404	0.00387998980446614	0.00145348837209302
cdescubierto_preacordado	0.00305210392165863	0.00206408674252796	0.00159191583610188
Visa_delinquency_avg3	0.00298899314292455	0.00233661824157618	0.00124584717607973
ctrx_quarter_normalizado_delta2	0.00294374074949012	0.00139846519300682	0.00231866002214839
ccomisiones_mantenimiento_delta2	0.00283837252018402	0.00147638730082821	0.00124584717607973
cprestamos_personales_tend3	0.00279869558667308	0.00239759879731215	0.000761351052048727
mcuenta_corriente_rank_avg3	0.00269375481205699	0.0035030617815671	0.00571013289036545
ccomisiones_mantenimiento_delta1	0.00259852922310261	0.0011823094707634	0.000692137320044297
mprestamos_personales_rank_tend3	0.00255137905989088	0.00189638569124543	0.00124584717607973
mactivos_margen_rank_avg3	0.00252623457873407	0.00410585126218039	0.00484496124031008
mcuenta_debitos_automaticos_rank	0.00242571264755417	0.00433075113538203	0.00304540420819491
mcomisiones_otras_rank_lag2	0.00237639100066639	0.00219291192916477	0.00422203765227021
mcuentas_saldo_rank_delta1	0.00235875530169511	0.00386540969025822	0.00564091915836102
ccaja_seguridad	0.00233362850043162	0.00517194220418111	0.00155730897009967
vm_Finiciomora_delta1	0.00230520619106778	0.00269575588256486	0.000865171650055371
cprestamos_personales	0.00228432934662799	0.00143790354897818	0.0016265227021041
cproductos	0.00228008950307741	0.00242408980957798	0.00311461794019934
mactivos_margen_rank_lag2	0.00224663568847669	0.00607660212452085	0.00598698781838317
Visa_mpagospesos_rank	0.00220728570701275	0.000857431305246655	0.00204180509413068
cpayroll_trx_avg3	0.00214715452990129	0.000899616943784757	0.00110741971207087
cprestamos_personales_delta2	0.00211598078572434	0.00111592537989447	0.000449889258028793
vm_msaldopesos_rank	0.00210535356097506	0.00163706850025482	0.00145348837209302
mpayroll_rank_delta2	0.00209562097571644	0.00581271754955235	0.00290697674418605
mprestamos_personales_rank_lag2	0.00201255055476073	0.00580140618163093	0.00252630121816168
mrentabilidad_annual_rank_avg3	0.00193552089543903	0.00512031929032241	0.00546788482834994
mtarjeta_master_consumo_rank	0.0019342961148156	0.00173367832640804	0.000934385382059801
numero_de_cliente	0.00192565109318565	0.00543069284382259	0.00809800664451827
Visa_mpagominimo_rank	0.0018809633681816	0.00251553300653075	0.00404900332225914
vm_msaldototal_rank	0.00186439254310075	0.000709587757662651	0.00124584717607973
mcomisiones_mantenimiento_rank	0.00185610919692456	0.00500894408467851	0.0053640642303433
mrentabilidad_annual_rank_lag1	0.00169274916970295	0.00204311323096695	0.00474114064230343
mpagomiscuentas_rank	0.00165769936183994	0.00433202990032682	0.00207641196013289
vmr_mpagominimo_delta2	0.00165217195287963	0.00162569316915619	0.00183416389811739
mv_status07_rank_delta2	0.00165054430109676	0.00200537267710244	0.000865171650055371
mrentabilidad_annual_rank_tend3	0.00164136589729767	0.00459741454713498	0.00633305647840532
Visa_fechaalta	0.00163828298010489	0.00238274039342343	0.00470653377630122
mrentabilidad_annual_rank_delta1	0.00162133679894499	0.00269812237766461	0.00505260243632337
mrentabilidad_annual_rank	0.00157209008001558	0.00439510521450213	0.00532945736434109
vmr_mpagominimo_avg3	0.00149866689354581	0.00246484909775572	0.00211101882613511
mcuentas_saldo_rank_tend3	0.00148976229309199	0.00375337177481393	0.00394518272425249
cliente_edad_lag2	0.00147265899032161	0.00286323334764109	0.00567552602436323
mactivos_margen_rank_tend3	0.00146568540443329	0.00292302431649224	0.00456810631229236
cliente_edad	0.00146141299051465	0.00495433114158499	0.00546788482834994
vm_Finiciomora_lag1	0.00144605762947746	0.00290856664404559	0.00114202657807309
cliente_antiguedad	0.00134679389175386	0.00437163621305971	0.00560631229235881
mcuenta_corriente_rank_lag2	0.00132012148339829	0.00393311492701898	0.00432585825027685
mtransferencias_recibidas_rank	0.00131855837968015	0.00284161414988699	0.00415282392026578
vm_status04_delta1	0.00128486179442794	0.00179709275938812	0.000830564784053156
ctarjeta_visa_transacciones_delta1	0.001279983461363	0.00196850410231965	0.00141888150609081
mcuenta_corriente_rank_lag1	0.00126747686271718	0.00410014792636494	0.00352990033222591
Visa_fechaalta_lag2	0.00125871341984388	0.00192848836826983	0.0032530454042082
ccaja_seguridad_avg3	0.0012497260675652	0.00126230917095987	0.000484496124031008
mpasivos_margen_rank_lag2	0.00124837339172963	0.00168487648782386	0.00429125138427464
vm_status02	0.00121998778859081	0.000595730168178105	0.000207641196013289
ccallcenter_transacciones_delta2	0.00121749897773052	0.000941689613949747	0.000622923588039867
mrentabilidad_rank_avg3	0.0012108573569193	0.00196654474922538	0.00314922480620155
mautoservicio_rank	0.00120888389991968	0.0026574702883529	0.00235326688815061
ctransferencias_recibidas_avg3	0.00120677274541549	0.00274242677864063	0.00449889258028793
mrentabilidad_rank	0.00114693288296577	0.00319496319456677	0.004671926910299
chomebanking_transacciones	0.00113764253921106	0.00288331144594966	0.0034952934662237
mactivos_margen_rank_delta1	0.00112242822882961	0.00208293871374024	0.00415282392026578
cplazo_fijo	0.00112187865163082	0.00428623988689308	0.00134966777408638
mttarjeta_visa_debitos_automaticos_rank_lag2	0.00111688092800567	0.00254418623060876	0.0032530454042082
vm_status02_avg3	0.00111304287523556	0.00073118401984541	0.000311461794019934
mrentabilidad_rank_delta2	0.0010859586582233	0.00273047862808642	0.00401439645625692
thomebanking	0.00108300448232341	0.00075943765213708	0.00169573643410853
cdescubierto_preacordado_delta1	0.00107373194336439	0.00204714547535646	0.000553709856035437
mcaja_ahorro_rank_avg3	0.00106424469525057	0.00234094373362779	0.00346068660022148
mcomisiones_rank_avg3	0.00105837079743913	0.00418232251704347	0.00432585825027685
chomebanking_transacciones_avg3	0.00105754562421317	0.00191701922925987	0.00318383167220377
vm_Finiciomora_avg3	0.0010483060773477	0.00330254705054869	0.00128045404208195
mrentabilidad_rank_lag2	0.00103182312371223	0.00228181917845812	0.00397978959025471
mcomisiones_mantenimiento_rank_lag2	0.00102370946785269	0.00178906374239334	0.00242248062015504
mttarjeta_visa_debitos_automaticos_rank_delta2	0.000994856783708888	0.00292943616202227	0.0025609080841639
mactivos_margen_rank_delta2	0.000990636101129328	0.00234672727271444	0.00397978959025471
mrentabilidad_rank_tend3	0.000987858501539532	0.00216247008666483	0.0034952934662237
cliente_edad_lag1	0.000969858679848448	0.00214886957777556	0.00342607973421927
mpasivos_margen_rank_tend3	0.000966829838915436	0.00177574287652603	0.0032530454042082
Visa_msaldopesos_rank	0.000950444884552838	0.0027438259197207	0.00263012181616833
Master_Fvencimiento_lag2	0.000950258667986817	0.00204398022405491	0.00366832779623477
mcuentas_saldo_rank_lag2	0.000907234245764445	0.00256468877944404	0.00356450719822813
thomebanking_avg3	0.000907054091798489	0.0011907244036759	0.00269933554817276
mcaja_ahorro_dolares_rank_delta2	0.000905481746097414	0.00209980383766403	0.00173034330011074
vm_cconsumos_delta2	0.000904113087290802	0.00119014139854733	0.00107281284606866
mcaja_ahorro_rank_lag2	0.000897819942726682	0.00218963278351983	0.00356450719822813
mactivos_margen_rank_lag1	0.000897701920502363	0.00187898692353138	0.00366832779623477
vm_fechaalta_tend3	0.00089675084571896	0.000281593898865874	0.000553709856035437
mcaja_ahorro_rank_lag1	0.000892361695967118	0.00156549263653115	0.00287236987818383
mtransferencias_recibidas_rank_lag1	0.000887635922935792	0.00284225677325534	0.00359911406423034
Master_fechaalta_lag2	0.0008755842316029	0.00156435732574994	0.00356450719822813
mcaja_ahorro_rank_delta1	0.000861942561467261	0.00393727965638578	0.00384136212624585
vm_mpagominimo_rank_lag2	0.000859633358245438	0.00132758131398981	0.00148809523809524
mcomisiones_rank_lag2	0.000857650569068806	0.000966813039353212	0.00245708748615725
mcuenta_debitos_automaticos_rank_delta2	0.000848449867060042	0.00402733026527885	0.00169573643410853
chomebanking_transacciones_lag2	0.000846682622042612	0.00188090752833121	0.00301079734219269
vm_mlimitecompra_rank_delta2	0.000842736398571343	0.00193894542177317	0.00408361018826135
vm_fechaalta_lag2	0.00083356936119522	0.00193961788987565	0.00301079734219269
mprestamos_personales_rank_avg3	0.000830562255158615	0.00149454685996293	0.00110741971207087
tcallcenter_avg3	0.000822070764776534	0.00170647716617253	0.00235326688815061
vmr_mpagominimo	0.000820789141456869	0.00171695387873701	0.00179955703211517
ccomisiones_mantenimiento_avg3	0.000818048846584098	0.00726940668479719	0.00290697674418605
mcomisiones_rank_delta2	0.000814806515727462	0.0025344361197934	0.0025609080841639
Visa_mlimitecompra_rank	0.000811161669001366	0.00124636902010871	0.00273394241417497
Master_Fvencimiento_avg3	0.000805273993459897	0.00245685441288947	0.00290697674418605
Master_fechaalta	0.000792560384568583	0.00166176355756504	0.00332225913621262
mcaja_ahorro_dolares_rank	0.00078856883803605	0.00480017204937919	0.00318383167220377
Master_Fvencimiento_delta2	0.000784647667359994	6.24660969652094e-05	0.000207641196013289
cmobile_app_trx_lag1	0.000781660480663503	0.00422329663032417	0.00290697674418605
mrentabilidad_annual_rank_delta2	0.00077963067501158	0.00148399528626343	0.00290697674418605
cproductos_avg3	0.000768627593270166	0.00245906591481149	0.00193798449612403
Master_mfinanciacion_limite_rank_delta2	0.000767149729404261	0.00122071821902145	0.00339147286821705
Visa_fechaalta_lag1	0.000762493506103011	0.00126332374946339	0.00193798449612403
Visa_msaldototal_rank	0.000759422411415638	0.000545138215373876	0.00155730897009967
mpasivos_margen_rank_delta1	0.000739997375245548	0.00195735720096412	0.00339147286821705
mtransferencias_recibidas_rank_lag2	0.000739194095383986	0.0030280626801981	0.0032530454042082
Master_mfinanciacion_limite_rank	0.000738299847045707	0.00161043296539817	0.0028031561461794
Visa_Fvencimiento	0.000738205545303927	0.00188455713331319	0.00287236987818383
mcomisiones_mantenimiento_rank_delta2	0.000732321832293132	0.00131526270409856	0.00148809523809524
mrentabilidad_rank_delta1	0.000729325585027649	0.00128717546154181	0.00304540420819491
Visa_mpagospesos_rank_delta2	0.00072789523794935	0.00219161578447026	0.00321843853820598
mcaja_ahorro_rank_delta2	0.000726657404953144	0.00171087438530593	0.00269933554817276
cmobile_app_trx_avg3	0.000725509798337629	0.00220965489624122	0.00308001107419712
mcomisiones_otras_rank	0.000725356113747402	0.00104657013533857	0.00238787375415282
ccaja_seguridad_lag2	0.00072428212273108	0.000264318926254264	0.000173034330011074
mttarjeta_visa_debitos_automaticos_rank_lag1	0.000723665504271344	0.00113255252945852	0.00263012181616833
vm_Fvencimiento_lag1	0.000719035242076206	0.00327855487590294	0.00321843853820598
mcomisiones_otras_rank_delta2	0.0007087073278269	0.0016753596502884	0.00252630121816168
ccallcenter_transacciones_avg3	0.000705861606143769	0.00378388783739254	0.00276854928017719
cliente_edad_avg3	0.000704884095174054	0.00155791492320096	0.00297619047619048
ctransferencias_emitidas_avg3	0.000702129459939976	0.00184846274090577	0.00204180509413068
mplazo_fijo_dolares_rank	0.000699421468848758	0.00261280931759392	0.000830564784053156
Visa_mfinanciacion_limite_rank	0.000699202722868695	0.00150203275977929	0.00249169435215947
cliente_antiguedad_lag2	0.000698412435852952	0.00175174115726364	0.00290697674418605
vm_mfinanciacion_limite_rank_delta2	0.00069283047513707	0.00316574548476562	0.00352990033222591
mtransferencias_emitidas_rank	0.000683487249431506	0.00525777231180566	0.00311461794019934
Visa_mfinanciacion_limite_rank_delta2	0.000678083782968934	0.00154527649742367	0.00346068660022148
mrentabilidad_rank_lag1	0.000672413682120378	0.00134318783062934	0.00290697674418605
mcuenta_corriente_rank_delta1	0.000672111326672817	0.00329344169995615	0.0028031561461794
mpasivos_margen_rank_delta2	0.000668896040741504	0.00105699292794187	0.00263012181616833
ccomisiones_mantenimiento_lag2	0.000668134574243307	0.000538965341402351	0.000968992248062015
Visa_mlimitecompra_rank_delta2	0.000667035924941489	0.00179465631791864	0.0032530454042082
Visa_fechaalta_avg3	0.000666623558412428	0.00129474961344789	0.00211101882613511
Master_Fvencimiento	0.000663596573026236	0.00166314133010039	0.00294158361018826
ccomisiones_otras_avg3	0.000660575460035736	0.00141723874165996	0.00273394241417497
mautoservicio_rank_avg3	0.000655991294917762	0.00160496496848862	0.0028031561461794
mcuentas_saldo_rank_lag1	0.000646928379798516	0.002008657378569	0.00266472868217054
vm_Fvencimiento	0.000637640079312594	0.00142817345336637	0.00287236987818383
Visa_mpagominimo_rank_lag1	0.000635756085172701	0.00169908279495607	0.00242248062015504
cmobile_app_trx	0.000628391603043205	0.00226036273778634	0.00273394241417497
Visa_mfinanciacion_limite_rank_lag2	0.000625632881022175	0.00102433666315213	0.00245708748615725
mcomisiones_otras_rank_lag1	0.000621688749526977	0.00134527418410775	0.00259551495016611
vm_fechaalta	0.0006210913868684	0.00190539837358235	0.00245708748615725
Visa_cconsumos_lag2	0.000620826929517702	0.0014056143957868	0.00228405315614618
Master_mlimitecompra_rank_delta2	0.000620447956971112	0.00138731843410826	0.00294158361018826
chomebanking_transacciones_delta1	0.000620073765627468	0.00236344530982205	0.00193798449612403
Visa_Fvencimiento_lag2	0.000619520039026173	0.00123608141916504	0.00276854928017719
vm_mpagominimo_rank_lag1	0.000612898499625514	0.000934253431614111	0.00110741971207087
Master_mlimitecompra_rank	0.000609354583705708	0.00135648533355441	0.00259551495016611
Master_Fvencimiento_lag1	0.000603742828196281	0.00162800389235421	0.00259551495016611
mcaja_ahorro_dolares_rank_lag2	0.00060278140790452	0.00129540641128424	0.00249169435215947
Visa_mfinanciacion_limite_rank_lag1	0.0006015458720512	0.00121508938819861	0.00259551495016611
mpasivos_margen_rank_lag1	0.000598735586871207	0.0010659496959201	0.00263012181616833
Master_fultimo_cierre	0.000597824219376255	0.000953578573635071	0.00221483942414175
mcaja_ahorro_dolares_rank_delta1	0.000594905792462167	0.00246756653558833	0.00134966777408638
mcuenta_corriente_rank_tend3	0.000592971599035225	0.000982707675204103	0.00207641196013289
vm_mpagospesos_rank_delta2	0.000592694800617166	0.00144698254503223	0.00190337763012182
mcomisiones_rank	0.000587193046100926	0.0032188096357375	0.0028031561461794
ctrx_quarter_normalizado_avg3	0.000583205954216046	0.000473157560184645	0.000899778516057586
Master_fechaalta_tend3	0.000577679312806335	0.000175694952635478	0.000346068660022148
vmr_mpagominimo_tend3	0.000573668654032738	0.00118425792589986	0.00100359911406423
Visa_mconsumospesos_rank	0.000571004871108169	0.00102086569920405	0.00197259136212625
Visa_mlimitecompra_rank_delta1	0.000566293559479658	0.00261797644539375	0.00304540420819491
vmr_mpagominimo_lag2	0.000563169490692061	0.00198539109338754	0.0018687707641196
chomebanking_transacciones_lag1	0.000557897192249075	0.00205685819121856	0.0025609080841639
ccheques_depositados_avg3	0.00054669567914822	0.00312760583771413	0.00100359911406423
ccomisiones_otras_lag1	0.000545959686790998	0.00100132031871547	0.00204180509413068
ctarjeta_debito_avg3	0.000545624154849126	0.00123814661778418	0.00207641196013289
mcomisiones_rank_tend3	0.000544809156446339	0.00133986815597791	0.00242248062015504
mpayroll_rank_delta1	0.000540848145287761	0.0027872542815915	0.00155730897009967
ccomisiones_otras	0.000536626577509739	0.00145563965478494	0.00218023255813953
Master_mfinanciacion_limite_rank_delta1	0.000536270461135879	0.000897591561887288	0.0025609080841639
ccaja_ahorro_lag2	0.000528676438202635	0.00942657267129051	0.0028031561461794
mcaja_ahorro_rank_tend3	0.000528291705399321	0.00199067767135238	0.00218023255813953
ctarjeta_visa_debitos_automaticos_tend3	0.000527466803855036	0.00177549585614902	0.000726744186046512
vmr_msaldopesos2	0.000526263176429082	0.00131412219363813	0.00204180509413068
Visa_fultimo_cierre_avg3	0.00052589560400496	0.00233058518911564	0.00235326688815061
vmr_mpagospesos_lag1	0.000522272944925158	0.000994828341142722	0.00152270210409745
mprestamos_prendarios_rank_lag2	0.000522022009541208	0.00874300182911473	0.00228405315614618
Visa_mlimitecompra_rank_lag2	0.000517884263413978	0.000879788073936159	0.00183416389811739
mpayroll_sobre_edad_rank_delta2	0.000517286257778469	0.00228208621403869	0.000968992248062015
Master_mfinanciacion_limite_rank_lag2	0.000515601272638953	0.0015008884742093	0.00242248062015504
mcomisiones_rank_lag1	0.000514021226993268	0.000787164051201916	0.00200719822812846
cliente_antiguedad_lag1	0.000511074738433266	0.00216636258077184	0.00228405315614618
ctrx_quarter_tend3	0.000508673132549255	0.00120689747166455	0.00169573643410853
vmr_mpagado_avg3	0.000504228450098211	0.000897387919656064	0.0018687707641196
Visa_msaldopesos_rank_delta1	0.00050275523737536	0.00173546537780335	0.00176495016611296
ctrx_quarter_avg3	0.000502141270895085	0.000528866638394045	0.000830564784053156
cprestamos_personales_avg3	0.000495059341330709	0.00173019333044892	0.00148809523809524
Master_fultimo_cierre_avg3	0.000494058535335311	0.000890487090594258	0.00179955703211517
Visa_cconsumos_lag1	0.000487772083628024	0.00105885370081648	0.00193798449612403
vmr_msaldopesos2_avg3	0.000481370582713028	0.00109776254424956	0.00200719822812846
vmr_mpagospesos_avg3	0.000479159306626973	0.00122216451335688	0.00159191583610188
vm_Fvencimiento_lag2	0.000477126125176129	0.000997678335181108	0.00231866002214839
cliente_antiguedad_avg3	0.000476889984473295	0.00216594247518255	0.00238787375415282
ccajas_extracciones_avg3	0.000472818091951856	0.0037780406912711	0.00173034330011074
Master_msaldototal_rank	0.000470252406060448	0.00289094108484353	0.00148809523809524
Master_fechaalta_lag1	0.000468188070062603	0.000867173937071369	0.0018687707641196
cprestamos_personales_lag2	0.000457039179053525	0.00394490309840168	0.0016265227021041
Master_mlimitecompra_rank_delta1	0.000456789116251977	0.00147712166648191	0.00252630121816168
Visa_fultimo_cierre	0.000452737944400093	0.000729571691917465	0.00166112956810631
Master_fechaalta_avg3	0.000447971165520482	0.000655616227053281	0.00176495016611296
Visa_mpagominimo_rank_lag2	0.000441969883808138	0.00105592236385117	0.00190337763012182
Visa_cconsumos_avg3	0.000439663658265265	0.000719114567185647	0.00166112956810631
Visa_status_tend3	0.000437316462110769	0.00243369219252082	0.000830564784053156
vm_mfinanciacion_limite_rank	0.000436978442232206	0.00100213809292207	0.00155730897009967
mtransferencias_recibidas_rank_delta2	0.00043563382852302	0.000921231369230532	0.00224944629014396
Visa_mconsumospesos_rank_lag1	0.00043417619034189	0.000783614094866838	0.00200719822812846
ccaja_ahorro_avg3	0.000433690196810442	0.00664768873358152	0.00207641196013289
vm_Finiciomora_tend3	0.000431551672310575	0.00209410256747458	0.000692137320044297
mtransferencias_recibidas_rank_delta1	0.000430715181198905	0.00183100649180641	0.00214562569213732
vmr_mpagospesos	0.000429844284133613	0.00047218258471735	0.0011766334440753
mcomisiones_rank_delta1	0.000429375132961457	0.00110971268920128	0.00190337763012182
Visa_msaldototal_rank_delta1	0.000428943068151025	0.000848404875812624	0.00155730897009967
vm_mfinanciacion_limite_rank_delta1	0.000419977638638074	0.00129903956248677	0.00228405315614618
Visa_mpagominimo_rank_delta1	0.000419606888916759	0.000803461555349346	0.00179955703211517
Visa_msaldopesos_rank_delta2	0.000419513595258162	0.000568124216477033	0.00152270210409745
Master_Fvencimiento_tend3	0.000419096393820058	0.000121484023096712	0.000276854928017719
Visa_Fvencimiento_avg3	0.000417233473508688	0.00079554607655554	0.0018687707641196
vm_mlimitecompra_rank_delta1	0.000417004024735291	0.00310142694865824	0.00235326688815061
vm_fechaalta_delta2	0.000411517017111036	0.000249468784869505	0.000346068660022148
mcomisiones_otras_rank_delta1	0.000406006976757237	0.00118375818686724	0.00197259136212625
ccallcenter_transacciones_tend3	0.000405869218008729	0.00042579247131926	0.000242248062015504
vm_fultimo_cierre_delta2	0.000405331269438365	0.000249217989382922	0.000553709856035437
vm_cconsumos_lag2	0.00040447357015358	0.00106934259345145	0.00138427464008859
Visa_mconsumosdolares_rank_lag2	0.000404464285414337	0.000831821246851332	0.0016265227021041
vmr_mconsumospesos_lag1	0.000403231588344299	0.000639090293162746	0.00128045404208195
ctransferencias_recibidas_lag1	0.000400715385152328	0.000744086988206392	0.00159191583610188
Visa_mpagospesos_rank_delta1	0.000399252435032305	0.00114173480681208	0.00190337763012182
ctarjeta_visa_transacciones_avg3	0.000398046533315194	0.000841004378946677	0.00128045404208195
ccajas_consultas_avg3	0.00039667276497072	0.00414687737225326	0.00190337763012182
vm_status04_delta2	0.000393039339824593	0.00135049929189226	0.000588316722037652
thomebanking_delta2	0.000391672201383434	0.001803320906662	0.000968992248062015
cmobile_app_trx_lag2	0.000391449675265712	0.000851086984317958	0.0016265227021041
vm_fultimo_cierre	0.000390145607768971	0.000630997526676209	0.00166112956810631
mextraccion_autoservicio_rank_delta2	0.000386019970677902	0.00270412700996067	0.00138427464008859
vmr_mpagominimo_lag1	0.000385814473010592	0.00106192279366677	0.00155730897009967
Visa_cconsumos	0.000383917428946321	0.000592798546298871	0.00145348837209302
Master_msaldopesos_rank	0.000383672350315509	0.00093584966190503	0.000726744186046512
vmr_msaldototal_lag1	0.000382517640824826	0.00104428220525493	0.00100359911406423
Visa_mfinanciacion_limite_rank_delta1	0.000379454171677919	0.00136908899983229	0.00221483942414175
vmr_mpagominimo_delta1	0.000378144361741945	0.00126363743969994	0.00131506090808416
ccomisiones_otras_lag2	0.000374901090337148	0.00053711803071092	0.00152270210409745
Visa_mpagominimo_rank_delta2	0.000373452500896747	0.00035011078418375	0.00103820598006645
ctarjeta_visa_debitos_automaticos_lag2	0.000372540784725892	0.000750645208267782	0.00124584717607973
Master_mpagominimo_rank	0.000368700582850383	0.000897557514672694	0.00124584717607973
Master_mlimitecompra_rank_lag2	0.000367171952099465	0.000795801858035892	0.0016265227021041
Visa_cconsumos_delta2	0.000366395521974913	0.00105798891581148	0.000934385382059801
mcomisiones_mantenimiento_rank_lag1	0.000364646507922058	0.00145564100812611	0.00155730897009967
Master_mfinanciacion_limite_rank_lag1	0.000361532913370826	0.000565220516162906	0.00148809523809524
Master_mlimitecompra_rank_lag1	0.000361411170583615	0.000693300011817311	0.00148809523809524
mcaja_ahorro_dolares_rank_avg3	0.000358380507515032	0.000547238600863328	0.00145348837209302
ccomisiones_otras_tend3	0.000356030326126688	0.00152800309183867	0.000968992248062015
vmr_mpagospesos_lag2	0.000355890958518952	0.00179725416312927	0.00166112956810631
ctrx_quarter_lag2	0.000354172363008318	0.000650699609826108	0.00148809523809524
ccajas_consultas_delta2	0.0003506985127577	0.00216489598631891	0.000657530454042082
Visa_msaldototal_rank_delta2	0.000349391055779054	0.000828186671079146	0.00134966777408638
mtransferencias_emitidas_rank_lag1	0.000348227369480714	0.00310183344960738	0.00221483942414175
chomebanking_transacciones_delta2	0.000345946897678112	0.000686822992225874	0.00124584717607973
vm_cconsumos_delta1	0.000335986990171807	0.00149419812531303	0.000899778516057586
vm_status01_delta2	0.000335132635831575	0.00093329569343956	0.000276854928017719
mtransferencias_emitidas_rank_lag2	0.000334946733522173	0.00281124011690231	0.00214562569213732
ctarjeta_debito_transacciones	0.000333484713476602	0.000680358793761272	0.000830564784053156
Visa_mpagospesos_rank_lag1	0.000330693307542983	0.000620839704027498	0.00124584717607973
mpayroll_sobre_edad_rank_lag2	0.000325498039060404	0.000454755040696407	0.000795957918050941
Visa_mconsumospesos_rank_lag2	0.000325148353827421	0.000583714849164978	0.00152270210409745
Visa_msaldototal_rank_lag2	0.000325028810809002	0.000612601061608975	0.00107281284606866
ctarjeta_visa_debitos_automaticos_avg3	0.000323394564851312	0.00202106602126203	0.0016265227021041
ctarjeta_debito_transacciones_avg3	0.000323309883234177	0.000963270277094858	0.00138427464008859
Visa_Fvencimiento_lag1	0.00032168161155741	0.000666961642189295	0.00155730897009967
ctrx_quarter_normalizado_lag2	0.00031921520336724	0.000723054428233464	0.0011766334440753
vm_Fvencimiento_avg3	0.000319071840549497	0.000642904008568206	0.00159191583610188
vmr_msaldototal	0.000318453723125133	0.000865897380209529	0.00110741971207087
vmr_Master_mlimitecompra	0.000318181321579298	0.00144852115148087	0.00121124031007752
vm_cconsumos_lag1	0.000315556358029942	0.00145988529970776	0.0011766334440753
cseguro_accidentes_personales_avg3	0.00031148133028751	0.00169441561987432	0.00114202657807309
mautoservicio_rank_lag1	0.000311255709156108	0.000589088183421395	0.0011766334440753
tcallcenter	0.000309348399564532	0.000244948910289383	0.000276854928017719
Visa_delinquency	0.000305777595229946	0.000294140226215405	0.000138427464008859
vm_cconsumos_avg3	0.000305600717041255	0.00124425716683359	0.00121124031007752
mcaja_ahorro_dolares_rank_lag1	0.000300633157561751	0.00155022751800785	0.00159191583610188
Visa_mconsumototal_rank_delta2	0.00029815082842241	0.00059802856884867	0.00121124031007752
Visa_fultimo_cierre_lag2	0.000297106420929286	0.000615674713082144	0.00121124031007752
mttarjeta_visa_debitos_automaticos_rank	0.000295331016393579	0.00185054795472846	0.00131506090808416
vm_fultimo_cierre_lag2	0.000294618011606531	0.000450746372934577	0.00134966777408638
Visa_mconsumosdolares_rank	0.000294040659101304	0.000957402617170481	0.00110741971207087
mtarjeta_visa_consumo_rank_delta2	0.000293706324136359	0.000385029194346503	0.00103820598006645
mautoservicio_rank_lag2	0.000293345157768354	0.000759700556465674	0.00141888150609081
vmr_msaldopesos2_lag2	0.000291110089064744	0.000445737657279641	0.00128045404208195
ctarjeta_debito_transacciones_delta1	0.000288640438855256	0.00443268379479763	0.0018687707641196
vm_fechaalta_avg3	0.000288446840798096	0.000464010968300779	0.00103820598006645
Visa_delinquency_lag1	0.000287862238427295	0.000343381615764564	0.000346068660022148
vm_msaldopesos_rank_delta1	0.000285869397873306	0.00147718890616931	0.00110741971207087
mcuenta_debitos_automaticos_rank_lag2	0.000285754949231942	0.00139466294538703	0.00145348837209302
Visa_mpagospesos_rank_lag2	0.000285334653260485	0.000762163423702135	0.00131506090808416
vmr_mconsumospesos	0.000284463240285665	0.00043241379981607	0.00103820598006645
ccallcenter_transacciones	0.000284353632147257	0.00082449254829566	0.000449889258028793
cextraccion_autoservicio_avg3	0.000280043483505754	0.000590109671087708	0.00131506090808416
ctrx_quarter_normalizado_tend3	0.000279244468255373	0.000442502245922908	0.000899778516057586
ctransferencias_recibidas_lag2	0.00027903463751025	0.000434732571832605	0.0011766334440753
vm_mlimitecompra_rank	0.000278888064976691	0.00076565461653922	0.0011766334440753
vm_msaldototal_rank_delta1	0.000277721804934323	0.00233276456699209	0.00145348837209302
tcallcenter_delta2	0.000277265058714621	0.000308483363262334	0.000173034330011074
vm_msaldopesos_rank_delta2	0.000276684053133473	0.00119183008340843	0.00103820598006645
vmr_msaldopesos_lag2	0.000276608757410755	0.0011737199568405	0.00103820598006645
Visa_msaldopesos_rank_lag2	0.000275363403452482	0.000514933065121001	0.00110741971207087
vm_msaldototal_rank_delta2	0.000269891284364661	0.0011643316867158	0.00107281284606866
vm_fechaalta_lag1	0.000268430651609492	0.000502631692522496	0.00100359911406423
mtransferencias_emitidas_rank_delta2	0.000267770973444032	0.0028182702256597	0.0011766334440753
vmr_msaldototal_avg3	0.000266724770694511	0.000392962052890018	0.000657530454042082
vmr_msaldopesos2_lag1	0.000265969842320067	0.000591989390738638	0.0011766334440753
vm_mlimitecompra_rank_lag2	0.000264725150839492	0.000424351305434559	0.00110741971207087
vmr_mconsumospesos_lag2	0.000263750505472102	0.000493621859324867	0.00107281284606866
mcaja_ahorro_dolares_rank_tend3	0.000263183553704497	0.00133830283884836	0.000968992248062015
Visa_mlimitecompra_rank_lag1	0.000259654571548506	0.000709410042599025	0.00124584717607973
ctarjeta_visa_debitos_automaticos	0.000257317625301433	0.00042534294836674	0.00103820598006645
chomebanking_transacciones_tend3	0.000255245117633994	0.00132923217652674	0.00100359911406423
vmr_mpagospesos_delta1	0.000254674331491297	0.00245093988462366	0.00128045404208195
mextraccion_autoservicio_rank_lag2	0.000254270739210168	0.00177280869042143	0.00124584717607973
ccajas_depositos	0.000252996927322307	0.00213915173346272	0.000726744186046512
ctransferencias_recibidas	0.000252867154799796	0.00083113275234031	0.00121124031007752
mtransferencias_emitidas_rank_delta1	0.000252826996467402	0.00237986361747565	0.00107281284606866
Visa_mconsumospesos_rank_delta2	0.000252633613027767	0.000475438438648536	0.00103820598006645
Master_fultimo_cierre_lag2	0.000252428073057554	0.000403999262382624	0.0011766334440753
Master_status	0.000251843361868994	0.000578627995864833	0.000242248062015504
ccajas_transacciones_avg3	0.000251153068073649	0.000582524478766859	0.000968992248062015
Master_fultimo_cierre_lag1	0.000250579103001493	0.000430891148547486	0.00124584717607973
Master_Finiciomora	0.000248432077839675	0.000660377779874236	0.000173034330011074
mpayroll_rank_lag1	0.000247559950544279	0.00222051524541199	0.00114202657807309
vmr_msaldopesos	0.000246971743517209	0.000653905390134156	0.000934385382059801
vmr_Visa_mlimitecompra_avg3	0.000246721632971869	0.000523597226493471	0.0011766334440753
Visa_fechaalta_delta2	0.000244448247903136	0.000143657093530067	0.000242248062015504
vmr_Visa_mlimitecompra_lag2	0.000242388158427644	0.000445680175894333	0.00107281284606866
vm_fultimo_cierre_lag1	0.00024042842903197	0.000409878318864187	0.00114202657807309
cdescubierto_preacordado_lag1	0.000238467870717018	0.000287213826128412	0.000449889258028793
cpagomiscuentas_avg3	0.000235141355721767	0.00140369991663646	0.00124584717607973
vm_msaldopesos_rank_lag2	0.000231934375583603	0.000543135341676851	0.000865171650055371
vmr_mconsumosdolares	0.000230376172382544	0.000907902240859261	0.000657530454042082
vmr_mconsumospesos_avg3	0.000229029433100158	0.000617170012613481	0.00110741971207087
vm_msaldototal_rank_lag2	0.000229015971798957	0.000726366125294864	0.000726744186046512
mpayroll_sobre_edad_rank_lag1	0.000228716612625713	0.000602806290535134	0.000622923588039867
vm_mconsumospesos_rank_lag2	0.00022691308003692	0.000462041073391112	0.000865171650055371
vm_status02_tend3	0.000226598177584389	0.00139200384368151	0.000588316722037652
tcallcenter_delta1	0.000225870711824017	0.00077066817573096	0.000346068660022148
matm_rank_delta2	0.000225716612638129	0.00110352535584782	0.000726744186046512
Visa_msaldopesos_rank_lag1	0.000225589702657443	0.000564933465378774	0.000865171650055371
ccajas_consultas	0.000223006758450859	0.00166783186812438	0.000588316722037652
vm_cconsumos_tend3	0.000222375934648851	0.000370837773967117	0.000311461794019934
vm_status05_delta2	0.000221461552805632	0.000516118235839903	0.000242248062015504
vmr_Visa_mlimitecompra	0.000220798121036761	0.000378237914690651	0.000899778516057586
vmr_mpagospesos_delta2	0.000220043211618995	0.00047659476183206	0.000726744186046512
ctarjeta_master	0.000219843740324505	2.83733673706101e-05	0.000103820598006645
mautoservicio_rank_tend3	0.000216934547237686	0.000873340471707959	0.000865171650055371
ccallcenter_transacciones_delta1	0.00021456844726214	0.000866355521808422	0.000346068660022148
ccajas_consultas_delta1	0.0002139315332929	0.00108772367316648	0.000380675526024363
Master_mpagospesos_rank_lag2	0.000212871234815162	0.00147436220384467	0.000899778516057586
vmr_msaldopesos2_delta1	0.00021266494631479	0.000740673719329068	0.00103820598006645
Master_mpagominimo_rank_delta2	0.000212226466380095	0.00281645959763672	0.00110741971207087
vmr_Master_mlimitecompra_lag2	0.000208170182496608	0.000442603034225525	0.000968992248062015
mtarjeta_visa_consumo_rank_avg3	0.000206761766917802	0.000686305018701753	0.000899778516057586
mttarjeta_visa_debitos_automaticos_rank_delta1	0.000204896402083493	0.000784332790254405	0.000934385382059801
vm_fultimo_cierre_avg3	0.000204002644243387	0.00210038306768303	0.00107281284606866
vmr_Master_mlimitecompra_lag1	0.000203882537911704	0.000943804316364164	0.000968992248062015
ctarjeta_debito_transacciones_lag1	0.000201473131732706	0.000842242543656496	0.000830564784053156
vmr_mconsumosdolares_avg3	0.000200717920708385	0.00139517600414586	0.00103820598006645
vmr_mpagado	0.000200433763262687	0.00127739486493597	0.000761351052048727
vm_mconsumospesos_rank	0.000200297788365965	0.00182126293401143	0.00103820598006645
ctrx_quarter_lag1	0.00019953505190218	0.000478230666387684	0.000761351052048727
mpayroll_sobre_edad_rank_delta1	0.000198204560017636	0.00145633434617393	0.000726744186046512
matm_other_rank_lag2	0.000197261158745194	0.00109404598449412	0.000830564784053156
Visa_mconsumototal_rank	0.000194847603254374	0.000296659435181456	0.000622923588039867
ctransferencias_recibidas_delta2	0.00019371593737501	0.000314962377251279	0.000761351052048727
ctarjeta_debito_delta2	0.00019210255595302	0.00226815748430245	0.000622923588039867
Visa_mconsumototal_rank_delta1	0.0001867674749681	0.000362787245970652	0.000899778516057586
vm_mconsumospesos_rank_delta2	0.000186669012125907	0.000553186392830421	0.000795957918050941
vmr_mconsumospesos_delta1	0.000185961785720541	0.00120319230846629	0.00107281284606866
ctransferencias_recibidas_tend3	0.000185859045274921	0.00102536762420661	0.000934385382059801
vmr_msaldodolares2_avg3	0.000185082338571899	0.00120217331379686	0.00100359911406423
mautoservicio_rank_delta1	0.000184914087273759	0.00160215429257253	0.00100359911406423
vm_cconsumos	0.000182791960159233	0.000672962000776411	0.000830564784053156
ccuenta_debitos_automaticos_lag2	0.000179026331411182	0.000461321452033274	0.000692137320044297
cprestamos_personales_lag1	0.000176460882923851	0.000730241382109131	0.000588316722037652
ctransferencias_emitidas_delta2	0.000173584740148083	0.000600884902221991	0.000449889258028793
Visa_cconsumos_tend3	0.000172483341922648	0.000206027673100358	0.000622923588039867
vm_mfinanciacion_limite_rank_lag1	0.000171096481900649	0.000421909877971305	0.000692137320044297
vmr_msaldototal_delta1	0.000168310702037855	0.00124404177190277	0.000761351052048727
mtarjeta_visa_consumo_rank_tend3	0.000166375974236371	0.000546435570952582	0.000622923588039867
ctarjeta_visa_debitos_automaticos_delta2	0.000166257942877984	0.000463495915144437	0.000346068660022148
ctrx_quarter_normalizado_lag1	0.000165195562716522	0.000227384821267651	0.000726744186046512
vm_status01_avg3	0.000162550077498087	0.000615778920351917	0.000346068660022148
vmr_Master_mlimitecompra_avg3	0.000162538178638893	0.000583468469844304	0.000899778516057586
vmr_Visa_mlimitecompra_lag1	0.000161353810323972	0.00033063314198194	0.000761351052048727
mpagomiscuentas_rank_lag1	0.00016115676294506	0.000969473921770786	0.000726744186046512
ctarjeta_visa_transacciones_lag1	0.000161043103521494	0.000341654396294484	0.000657530454042082
ccuenta_debitos_automaticos	0.000160668014873412	0.000233574220247096	0.000449889258028793
mtarjeta_visa_consumo_rank_delta1	0.00015922274482806	0.00054087953563877	0.000830564784053156
cpayroll_trx_lag2	0.000158370315292618	0.00143316614261276	0.000726744186046512
vm_mpagospesos_rank_lag2	0.000155358148776824	0.000455305280723062	0.000692137320044297
cmobile_app_trx_tend3	0.000154741695629399	0.000962552293992115	0.000761351052048727
ctarjeta_visa_transacciones_lag2	0.000154677091976931	0.0011833800348541	0.000865171650055371
ctarjeta_master_transacciones_delta1	0.000152726936367671	0.00245126212227811	0.000692137320044297
ctarjeta_debito_lag2	0.000152519050830668	0.000364294440658552	0.000657530454042082
vm_mpagominimo_rank_delta2	0.00014987952453788	0.000880693245490688	0.000899778516057586
ctarjeta_visa_transacciones_tend3	0.000149676290078753	0.00149109897404315	0.000761351052048727
cproductos_lag2	0.000149064114920151	0.000273487456510714	0.000380675526024363
ctransferencias_emitidas	0.000148630046321373	0.000642981576385556	0.000622923588039867
vm_mpagospesos_rank_lag1	0.000148338295935195	0.000271235283125236	0.000519102990033223
Master_fultimo_cierre_delta1	0.000147225439024068	0.000248661766163744	0.000519102990033223
vm_mfinanciacion_limite_rank_lag2	0.000147117535153126	0.000363474814511404	0.000657530454042082
vm_mlimitecompra_rank_lag1	0.000146838902022313	0.000391660423602368	0.000865171650055371
mautoservicio_rank_delta2	0.000146771113092684	0.00048381248641213	0.000726744186046512
ctarjeta_debito_transacciones_tend3	0.000145265045386658	0.001185051268737	0.000484496124031008
ctarjeta_visa	0.000143699425529888	0.000612996379686378	0.000311461794019934
Master_msaldopesos_rank_lag1	0.000143020847961266	0.00042872516162573	0.000553709856035437
Master_mpagospesos_rank_delta2	0.00014211596309726	0.00187198053385863	0.000830564784053156
mpayroll_rank_lag2	0.000140901800752037	0.000247681947159644	0.000346068660022148
mcheques_emitidos_rank_lag2	0.000140649008937122	0.0036006373234849	0.00100359911406423
catm_trx_avg3	0.00013970684628282	0.00037344316939689	0.000622923588039867
vm_fultimo_cierre_tend3	0.000139087665799635	0.000212020410239856	0.000380675526024363
vmr_msaldopesos_delta1	0.00013796698035758	0.000328763180633101	0.000657530454042082
cmobile_app_trx_delta2	0.000137957122556815	0.000200060791899977	0.000553709856035437
tcuentas_lag2	0.00013759118403134	0.00238267073196763	0.000622923588039867
ccajas_depositos_avg3	0.000137330804172744	0.000942695217664481	0.000519102990033223
Visa_status_delta2	0.000136579212245717	0.00201347448960624	0.000588316722037652
Visa_mconsumosdolares_rank_lag1	0.000136410600579432	0.000181379911502461	0.000588316722037652
vm_mpagospesos_rank_delta1	0.000134603570157135	0.000720175372974253	0.000657530454042082
cprestamos_personales_delta1	0.000133549574585347	0.000399582811558968	0.000103820598006645
Visa_mconsumospesos_rank_delta1	0.00013327136802015	0.000164422475465457	0.000553709856035437
vm_mconsumospesos_rank_lag1	0.000133166778738139	0.000244711292072047	0.000415282392026578
cforex_buy_avg3	0.000132700422459435	0.00160452748314963	0.000622923588039867
ccuenta_debitos_automaticos_avg3	0.000131006637380794	0.000319517652387161	0.000726744186046512
ctarjeta_debito	0.00012878312134288	0.000277877267881946	0.000415282392026578
vmr_msaldopesos2_tend3	0.000128087099017988	0.000496600278317047	0.000588316722037652
Visa_Finiciomora_avg3	0.000127515805059083	0.00129947697659728	0.000346068660022148
matm_other_rank	0.000126027393578504	0.00157810107511735	0.000519102990033223
Visa_cconsumos_delta1	0.000125495258506219	0.000305193034745659	0.000622923588039867
tcuentas_avg3	0.00012445290716007	0.0062113469678742	0.0016265227021041
Visa_fultimo_cierre_lag1	0.000124400890004349	0.000355472579426016	0.000622923588039867
Master_mconsumototal_rank_lag2	0.000124280182409208	0.000651365596136687	0.000519102990033223
mtarjeta_visa_consumo_rank_lag2	0.000123151022829532	0.000804141858584891	0.000657530454042082
ctarjeta_debito_transacciones_delta2	0.000123118374600099	0.000396636231698428	0.000380675526024363
Visa_fultimo_cierre_delta2	0.000122657231417491	0.00011989270757108	0.000276854928017719
Visa_status_delta1	0.000122262191396068	0.000562250288446204	0.000242248062015504
vm_status05_delta1	0.000120973562428768	0.0010836885084092	0.000380675526024363
cpayroll_trx_lag1	0.000120728290102346	0.000178014080794426	0.000346068660022148
vmr_msaldopesos_tend3	0.000120681231499847	0.000458757369123302	0.000484496124031008
cproductos_lag1	0.000120139800398476	0.000317237913578988	0.000519102990033223
Master_msaldototal_rank_delta1	0.000117894087323068	0.00130694734860448	0.000588316722037652
ccomisiones_mantenimiento	0.00011736713079724	0.000160619658017806	0.000346068660022148
vmr_mconsumospesos_delta2	0.000117311337061693	0.000648111024318184	0.000657530454042082
vmr_msaldopesos2_delta2	0.000116116718264089	0.000438932345612754	0.000657530454042082
catm_trx_other_avg3	0.000115471326648987	0.000268706956913436	0.000553709856035437
vm_mconsumototal_rank_delta2	0.000113627294941184	0.000403539055157741	0.000553709856035437
vmr_msaldopesos_avg3	0.000113280857827619	0.000233632627602676	0.000380675526024363
cinversion1_avg3	0.000113269882105745	0.00145312707006775	0.000380675526024363
cmobile_app_trx_delta1	0.000112067499192226	0.00065677653903182	0.000519102990033223
mtarjeta_visa_consumo_rank_lag1	0.000112058477474574	0.000783305533081017	0.000588316722037652
vm_Fvencimiento_tend3	0.000111941798720928	0.000103790084551537	0.000311461794019934
vmr_msaldototal_lag2	0.000111866220434764	0.000320839439335335	0.000311461794019934
vm_msaldopesos_rank_lag1	0.00011118227969222	0.000403315825093852	0.000449889258028793
vmr_mconsumospesos_tend3	0.000110426564025542	0.000558964162409991	0.000484496124031008
Visa_mconsumosdolares_rank_delta1	0.000110316463849502	0.000736042657087897	0.000588316722037652
mcuenta_debitos_automaticos_rank_lag1	0.000110175034677992	0.000394177424485464	0.000588316722037652
mpagomiscuentas_rank_lag2	0.000109351610334782	0.000210500038282709	0.000553709856035437
Visa_mconsumototal_rank_lag2	0.000109180325016165	0.000179457525990565	0.000484496124031008
mcomisiones_mantenimiento_rank_delta1	0.000107883735667086	0.000359506034699726	0.000380675526024363
vm_msaldototal_rank_lag1	0.000107527144768451	0.000550549087040526	0.000449889258028793
Master_cconsumos_avg3	0.000107467879533865	0.000311935807804986	0.000380675526024363
mextraccion_autoservicio_rank_lag1	0.000105916038045686	0.00111668011689414	0.000692137320044297
mtarjeta_master_consumo_rank_delta2	0.00010528577370298	0.00177155065296502	0.000588316722037652
ccomisiones_otras_delta2	0.0001050956741566	0.000163886837277696	0.000519102990033223
vmr_msaldopesos_lag1	0.000103895922093762	0.000255742162229718	0.000380675526024363
vm_mpagado_rank_lag2	0.000103412818399261	0.000534294319982545	0.000415282392026578
ccajas_extracciones	0.000102574998192019	0.00144512155847218	0.000553709856035437
ctarjeta_visa_debitos_automaticos_lag1	0.000101040335264667	0.000716992670694506	0.000553709856035437
ccomisiones_otras_delta1	9.96799992936517e-05	0.000328456826930234	0.000484496124031008
vmr_msaldototal_tend3	9.93813620525582e-05	0.000303084244295283	0.000449889258028793
Master_fultimo_cierre_tend3	9.82519925509563e-05	0.000147795468358375	0.000449889258028793
vm_mconsumototal_rank	9.81122404424709e-05	0.000740936979800074	0.000449889258028793
mplazo_fijo_dolares_rank_delta2	9.77097924707573e-05	0.00144106011040488	0.000519102990033223
Visa_msaldototal_rank_lag1	9.75332683025081e-05	0.000116529084946	0.000380675526024363
cforex_avg3	9.74275186604631e-05	0.0014886441556252	0.000692137320044297
vmr_msaldototal_delta2	9.69438502017938e-05	0.000623790557596984	0.000588316722037652
Visa_mpagado_rank_lag1	9.6156856049222e-05	0.000172470154322625	0.000207641196013289
mpagomiscuentas_rank_delta2	9.34647924773307e-05	0.000711822693755384	0.000449889258028793
vmr_mpagosdolares_avg3	9.29700512222788e-05	0.00138057708561858	0.000899778516057586
Master_msaldototal_rank_lag2	9.20259721512222e-05	0.000393324748322475	0.000415282392026578
mtarjeta_master_consumo_rank_lag1	9.13895349851283e-05	0.00209532157172262	0.000588316722037652
Visa_mpagado_rank_delta2	9.10144378129885e-05	0.00068546195838389	0.000415282392026578
vm_Fvencimiento_delta2	9.08243901364074e-05	0.000118386581310416	0.000311461794019934
vm_mconsumosdolares_rank_lag2	9.01522917585037e-05	0.000522452299867133	0.000415282392026578
ccajas_otras_lag1	8.91577877622408e-05	0.001646321151349	0.000553709856035437
Master_mconsumospesos_rank_lag1	8.90160033007476e-05	0.00023837494873338	0.000380675526024363
thomebanking_lag1	8.89424403194754e-05	8.12533927154535e-05	0.000276854928017719
vm_mconsumosdolares_rank	8.81333670436526e-05	0.000699408067869838	0.000380675526024363
Master_msaldopesos_rank_delta2	8.78993669674965e-05	0.000276561962725672	0.000380675526024363
cpagomiscuentas	8.78342778064613e-05	0.000335042398728871	0.000380675526024363
vm_mconsumototal_rank_delta1	8.76445194037555e-05	0.000607638288325197	0.000519102990033223
Master_delinquency_tend3	8.70189384413636e-05	0.000214139030220806	6.92137320044297e-05
Master_msaldototal_rank_lag1	8.59894908864099e-05	0.00030982466681469	0.000346068660022148
ctransferencias_emitidas_delta1	8.59670098629032e-05	0.00031342070797789	0.000242248062015504
Master_mpagominimo_rank_lag2	8.59465241943663e-05	0.000453483327371371	0.000415282392026578
Master_mconsumospesos_rank_lag2	8.53254805697885e-05	0.000346647512911771	0.000380675526024363
ctarjeta_master_transacciones	8.50492796972475e-05	0.000173346193427846	0.000138427464008859
vmr_msaldopesos_delta2	8.45928149528147e-05	0.000132940198522882	0.000380675526024363
ctarjeta_visa_debitos_automaticos_delta1	8.43809834118347e-05	0.000335018109816368	0.000242248062015504
Master_mpagospesos_rank	8.35689283480591e-05	0.00119116082058766	0.000519102990033223
Visa_mpagosdolares_rank_lag1	8.33664386303051e-05	0.000560372848106711	0.000346068660022148
Master_cconsumos	8.16811712900684e-05	0.000219117687456162	0.000311461794019934
Master_cconsumos_lag2	8.04390847663647e-05	0.00023227123761828	0.000415282392026578
vmr_msaldodolares_avg3	8.03583842242625e-05	0.00095799545182962	0.000588316722037652
vmr_mpagospesos_tend3	8.02332044686108e-05	0.000289109572187886	0.000346068660022148
cseguro_accidentes_personales_lag2	7.85503360158658e-05	0.000224846095697418	0.000242248062015504
Visa_mconsumosdolares_rank_delta2	7.77292222364e-05	0.0005159594675526	0.000380675526024363
vmr_mconsumototal	7.66875954351607e-05	0.000124853985056727	0.000242248062015504
matm_other_rank_lag1	7.62358363333423e-05	0.000833491056164586	0.000346068660022148
Visa_status_avg3	7.58407335603445e-05	0.0019145466749498	0.000553709856035437
Master_mpagominimo_rank_delta1	7.57509832120061e-05	0.00020462789096394	0.000311461794019934
vmr_mconsumosdolares_lag2	7.56788267002657e-05	0.000172923594841678	0.000311461794019934
Visa_mconsumototal_rank_lag1	7.56576181190848e-05	0.00011391229295904	0.000380675526024363
ccomisiones_mantenimiento_lag1	7.48448889292938e-05	0.000153142163162369	0.000276854928017719
vm_status05_tend3	7.41781382187811e-05	0.00010240597268125	0.000103820598006645
ctarjeta_debito_transacciones_lag2	7.39923368378502e-05	0.000203621788649829	0.000449889258028793
vmr_msaldodolares2_lag2	7.3734229592805e-05	0.000388807010596826	0.000311461794019934
Master_mpagospesos_rank_delta1	7.30320385478626e-05	0.00154393626229855	0.000622923588039867
cseguro_vida_avg3	7.22528230740826e-05	0.000677707313503376	0.000311461794019934
mextraccion_autoservicio_rank	7.22444951603238e-05	0.000247981534156681	0.000415282392026578
thomebanking_lag2	6.92417268716275e-05	0.000128785797286031	0.000346068660022148
Master_msaldototal_rank_delta2	6.91670213038883e-05	0.000175471508886143	0.000276854928017719
ccajas_transacciones_lag2	6.88699734878512e-05	0.000142023040914987	0.000276854928017719
ccajas_transacciones_lag1	6.88163753007774e-05	0.000218617592281127	0.000207641196013289
vm_mpagado_rank_delta2	6.87785538750934e-05	0.00014011981586486	0.000207641196013289
ccuenta_debitos_automaticos_delta2	6.87715503641401e-05	0.000560194420758262	0.000207641196013289
Master_mconsumospesos_rank	6.8657321823696e-05	0.000145156737998831	0.000242248062015504
ccajas_transacciones_delta2	6.8532954369943e-05	0.000657856505282195	0.000311461794019934
matm_rank_lag2	6.6799738660667e-05	0.00020245763033324	0.000380675526024363
matm_other_rank_delta2	6.67195647285061e-05	0.00103315168645036	0.000449889258028793
Master_delinquency_avg3	6.65265130470131e-05	0.00014093210547832	6.92137320044297e-05
Visa_Fvencimiento_delta2	6.63759306697248e-05	0.000125132773336899	0.000311461794019934
vm_mconsumospesos_rank_delta1	6.51702902965973e-05	0.000436644842899999	0.000311461794019934
ccajas_depositos_delta1	6.51444807192133e-05	0.0010350678038558	0.000311461794019934
vm_status01_tend3	6.47122148679721e-05	0.000494456799595734	0.000173034330011074
Visa_fechaalta_tend3	6.46567482799805e-05	7.72031987483759e-05	0.000138427464008859
Master_mpagospesos_rank_lag1	6.37391603028628e-05	0.000310134866855607	0.000311461794019934
ctarjeta_master_debitos_automaticos_avg3	6.370281335781e-05	0.000360097302332252	0.000242248062015504
Visa_msaldodolares_rank_lag1	6.35156862591923e-05	0.000569736117034083	0.000311461794019934
mtarjeta_master_consumo_rank_lag2	6.18257197147253e-05	0.000363948341462498	0.000207641196013289
cpagomiscuentas_lag1	6.13275441258664e-05	0.000254094006375119	0.000449889258028793
Master_status_avg3	6.05272877182651e-05	0.000381495264419969	0.000138427464008859
ctarjeta_master_transacciones_avg3	5.95679931587502e-05	0.000525148084241091	0.000311461794019934
Visa_msaldodolares_rank_delta2	5.84653703764712e-05	0.000296304076282688	0.000207641196013289
mcuenta_debitos_automaticos_rank_delta1	5.77805791324608e-05	0.000265728822835185	0.000207641196013289
cpagomiscuentas_lag2	5.74948757491366e-05	0.000152333292516065	0.000242248062015504
Visa_mpagado_rank_lag2	5.64279727135535e-05	0.000445851266709093	0.000311461794019934
catm_trx	5.63274400215668e-05	0.000437899817531667	0.000311461794019934
Visa_mpagado_rank	5.40786076851033e-05	0.000515042543298473	0.000276854928017719
Visa_fultimo_cierre_delta1	5.40496403977232e-05	9.47637263459877e-05	0.000276854928017719
cdescubierto_preacordado_lag2	5.40467596289232e-05	0.000363061618084915	0.000173034330011074
vm_mpagominimo_rank_delta1	5.39792272371596e-05	0.000191362654541396	0.000346068660022148
cextraccion_autoservicio_lag1	5.33271336439807e-05	0.000103276242279396	0.000242248062015504
cseguro_accidentes_personales	5.26096724069857e-05	0.00034509487445209	0.000207641196013289
matm_rank_lag1	5.23705042127405e-05	0.000902145911052899	0.000380675526024363
mextraccion_autoservicio_rank_delta1	5.23371765977672e-05	0.000461341182322903	0.000311461794019934
Master_cconsumos_tend3	5.23283988132574e-05	0.000412805310892064	0.000276854928017719
Visa_msaldodolares_rank_lag2	5.12079527702723e-05	0.000104574879970785	0.000207641196013289
ccajas_depositos_lag1	5.06161279834603e-05	0.00090500224442622	0.000276854928017719
vmr_mconsumosdolares_lag1	4.91486712212991e-05	0.000199243445064266	0.000242248062015504
vm_fultimo_cierre_delta1	4.90314895029046e-05	4.81311511937577e-05	0.000173034330011074
cseguro_vida_lag2	4.90118373783997e-05	0.000280262282387127	0.000173034330011074
matm_rank	4.8815269065419e-05	0.000143514351651308	0.000276854928017719
ctarjeta_master_transacciones_tend3	4.83140910174838e-05	0.000380010079333135	0.000138427464008859
ccheques_emitidos_avg3	4.73234750797411e-05	0.00127516641063514	0.000380675526024363
ccajas_extracciones_lag2	4.71975083676603e-05	0.000535705926047044	0.000207641196013289
catm_trx_lag2	4.70819420942353e-05	0.00037126258063624	0.000207641196013289
Master_mpagominimo_rank_lag1	4.67001974265762e-05	0.000373611339843872	0.000242248062015504
tcallcenter_lag2	4.65198363441534e-05	0.000111935916257473	0.000173034330011074
Master_cconsumos_lag1	4.63390136930705e-05	7.74175252519624e-05	0.000242248062015504
Master_Finiciomora_tend3	4.60743531252081e-05	0.000235516264820139	6.92137320044297e-05
Visa_mpagado_rank_delta1	4.60308746269725e-05	9.76422830058222e-05	0.000138427464008859
cextraccion_autoservicio_delta1	4.59325031010154e-05	0.00155222376745601	0.000484496124031008
Master_cconsumos_delta1	4.58388091064182e-05	8.63998642553794e-05	0.000207641196013289
Master_mpagado_rank_delta2	4.47253186945726e-05	0.00111839088258478	0.000346068660022148
ctarjeta_master_transacciones_lag2	4.45157237212608e-05	0.000251903801769342	0.000138427464008859
ctarjeta_master_delta1	4.406055717269e-05	0.000127100388935129	3.46068660022148e-05
cextraccion_autoservicio	4.37955219543523e-05	0.000265565068554113	0.000276854928017719
vm_status01_delta1	4.33270834024945e-05	0.000349443159618075	0.000138427464008859
ccajas_consultas_tend3	4.26492350942184e-05	0.000500115617609671	0.000138427464008859
Visa_Finiciomora_lag1	4.22804691206457e-05	0.000632665626505884	0.000207641196013289
Visa_madelantopesos_rank_lag2	4.18395606002785e-05	1.56715482439679e-05	6.92137320044297e-05
ctransferencias_emitidas_lag1	4.17972874174136e-05	0.000127221975954612	0.000207641196013289
ccuenta_debitos_automaticos_lag1	4.16522879579085e-05	7.55436463365904e-05	0.000242248062015504
Master_mconsumototal_rank_lag1	4.15764073397377e-05	8.26959119413207e-05	0.000138427464008859
ctransferencias_recibidas_delta1	4.11555974594121e-05	7.83734827144531e-05	0.000173034330011074
Master_fechaalta_delta2	4.10439054609246e-05	5.05065498538131e-05	0.000138427464008859
Master_fultimo_cierre_delta2	4.03580808109319e-05	8.37106329018038e-05	0.000207641196013289
Visa_Fvencimiento_tend3	4.01917615720985e-05	4.92562050735015e-05	0.000138427464008859
thomebanking_delta1	3.99688048661895e-05	0.000192098302307777	0.000138427464008859
vm_mconsumosdolares_rank_lag1	3.98585946028502e-05	0.000185415503630644	0.000173034330011074
cseguro_vivienda_avg3	3.95740822298956e-05	0.000151886832388288	0.000138427464008859
cinversion1_lag2	3.89934916978158e-05	0.00156593589137722	0.000415282392026578
vm_mconsumototal_rank_lag1	3.82750354130984e-05	4.3799604721141e-05	0.000103820598006645
Master_mconsumototal_rank_delta2	3.818219826767e-05	7.68977710157806e-05	0.000173034330011074
vm_status05_avg3	3.73089306755149e-05	5.23746592621095e-05	0.000173034330011074
Master_mconsumospesos_rank_delta1	3.64419291726345e-05	5.37805670480154e-05	0.000173034330011074
vm_status03_delta2	3.6283878632563e-05	0.00019706356858844	6.92137320044297e-05
active_quarter_avg3	3.61989558027287e-05	7.09765472726276e-05	0.000138427464008859
cextraccion_autoservicio_delta2	3.60463697277759e-05	5.24025095987337e-05	0.000103820598006645
Master_msaldopesos_rank_lag2	3.60306307805572e-05	5.32240589149075e-05	0.000207641196013289
vmr_mpagado_delta2	3.60059899965837e-05	0.000101391251720767	0.000138427464008859
Visa_mpagosdolares_rank_lag2	3.49117432799218e-05	7.25336018982179e-05	0.000103820598006645
Master_mconsumototal_rank	3.4846270536287e-05	0.000117989909891848	0.000103820598006645
catm_trx_lag1	3.45978056277087e-05	0.000216900843397962	0.000242248062015504
catm_trx_other_lag2	3.45575866345506e-05	7.62760175927807e-05	0.000138427464008859
ccaja_ahorro_lag1	3.40845654494865e-05	0.00045124226562915	0.000173034330011074
mpagomiscuentas_rank_delta1	3.40401373859511e-05	0.000850040210540388	0.000380675526024363
Master_msaldopesos_rank_delta1	3.4009164173543e-05	0.000407023338832032	0.000207641196013289
vm_status03_avg3	3.39896273958624e-05	2.0826994572678e-05	6.92137320044297e-05
cpagomiscuentas_delta2	3.3245838064863e-05	0.000568795046324417	0.000173034330011074
thomebanking_tend3	3.32359439915113e-05	0.000196692681880505	0.000103820598006645
mtarjeta_master_consumo_rank_tend3	3.32070055408373e-05	0.000491874268508816	0.000207641196013289
active_quarter_lag1	3.22263357276075e-05	6.74294400768465e-05	6.92137320044297e-05
Master_status_delta2	3.19789813547343e-05	1.57116498795675e-05	6.92137320044297e-05
Master_mconsumosdolares_rank	3.17626930010816e-05	3.90043608280031e-05	0.000103820598006645
vmr_mpagado_lag1	3.17338388841706e-05	5.52535720643561e-05	0.000138427464008859
ctarjeta_debito_lag1	3.1601669197115e-05	9.55007274535349e-05	0.000138427464008859
Master_mconsumospesos_rank_delta2	3.11159564154847e-05	5.81355476913466e-05	0.000173034330011074
ctransferencias_emitidas_lag2	3.01871304656947e-05	0.000158554388170185	0.000173034330011074
ccheques_depositados_lag2	3.00751029457843e-05	9.42062922426084e-05	6.92137320044297e-05
vmr_mconsumototal_avg3	2.9887129335685e-05	7.78553667333669e-05	0.000138427464008859
vm_mconsumototal_rank_lag2	2.91318089495164e-05	2.9974797340745e-05	0.000103820598006645
Master_fechaalta_delta1	2.90793845433336e-05	3.608484779078e-05	0.000138427464008859
Master_delinquency_delta2	2.88785791431222e-05	0.000186005560378969	6.92137320044297e-05
mtarjeta_master_consumo_rank_avg3	2.78636041687197e-05	8.66341347340421e-05	0.000138427464008859
minversion2_rank_lag2	2.77616433796715e-05	0.00159833124623587	0.000415282392026578
matm_rank_delta1	2.75571653801021e-05	0.000117429412963725	0.000173034330011074
Visa_delinquency_tend3	2.74756697655798e-05	0.000144972754828754	6.92137320044297e-05
catm_trx_delta1	2.73421848345467e-05	0.000312671313114403	0.000173034330011074
vm_status06_delta1	2.73395108194883e-05	0.000443383840849758	0.000173034330011074
ccajas_transacciones	2.72711097899655e-05	7.14152434958211e-05	0.000138427464008859
vmr_mpagado_tend3	2.68193382421159e-05	0.000127915385230921	0.000138427464008859
vmr_mconsumosdolares_delta1	2.66909841817599e-05	0.000361543739124652	0.000173034330011074
vm_mpagado_rank_lag1	2.65609027074948e-05	0.000132649728771594	0.000103820598006645
Visa_fultimo_cierre_tend3	2.64607036779609e-05	2.83940948589929e-05	0.000138427464008859
ccheques_emitidos_lag2	2.62916714310389e-05	0.00146513697571622	0.000380675526024363
ctarjeta_visa_descuentos_avg3	2.57830563198126e-05	0.000605675302578324	0.000173034330011074
vm_mpagado_rank	2.54268762082173e-05	0.000227213516767443	0.000103820598006645
cforex_lag1	2.5072273954124e-05	0.000388382773755562	0.000138427464008859
vmr_mconsumototal_lag2	2.50705129200615e-05	9.66715100189891e-05	0.000138427464008859
mtarjeta_master_consumo_rank_delta1	2.35091485971164e-05	0.000406929673377656	0.000207641196013289
cextraccion_autoservicio_lag2	2.34494409843348e-05	6.53482150491647e-05	0.000103820598006645
mv_status07_rank_delta1	2.32426752727505e-05	0.000499448776557302	0.000173034330011074
vmr_mpagado_lag2	2.29508840799129e-05	4.21062900086909e-05	6.92137320044297e-05
vmr_msaldodolares2_tend3	2.27637955209181e-05	0.000401468514402421	0.000138427464008859
active_quarter_lag2	2.27106732301759e-05	7.10306096907805e-05	6.92137320044297e-05
ctransferencias_emitidas_tend3	2.241088393207e-05	9.40740921792463e-05	6.92137320044297e-05
Master_delinquency	2.2389944493479e-05	1.85647779711799e-05	3.46068660022148e-05
Visa_status	2.16042998624786e-05	0.000238513915502571	0.000103820598006645
vmr_mpagosdolares_delta1	2.09362991986438e-05	0.000725325904537676	0.000207641196013289
mv_status07_rank_lag2	2.09244554737811e-05	0.0007728236920658	0.000207641196013289
Master_mconsumototal_rank_delta1	2.07051880526196e-05	3.62565796618824e-05	0.000103820598006645
ctarjeta_master_descuentos_avg3	2.05591760211989e-05	0.00119874843467691	0.000311461794019934
vm_Fvencimiento_delta1	2.04708555382105e-05	2.53627531043783e-05	6.92137320044297e-05
vm_status05	2.04412005225951e-05	0.000126992192870341	6.92137320044297e-05
Visa_msaldodolares_rank_delta1	2.02813704494421e-05	4.9268313915512e-05	6.92137320044297e-05
active_quarter	2.00372962065435e-05	6.50259061662371e-05	0.000103820598006645
mforex_sell_rank	1.95676917177414e-05	0.000465793817215625	0.000138427464008859
ctarjeta_visa_descuentos_tend3	1.9107957362384e-05	0.00106555416415725	0.000276854928017719
Visa_msaldodolares_rank	1.82159245104577e-05	0.000118068474907951	6.92137320044297e-05
cpagomiscuentas_tend3	1.78351501344808e-05	0.000257568318061872	6.92137320044297e-05
ctarjeta_master_transacciones_delta2	1.75942682418982e-05	0.000103849631562836	6.92137320044297e-05
ccajas_transacciones_tend3	1.74199120861292e-05	0.000216258148801132	0.000103820598006645
vmr_Visa_mlimitecompra_tend3	1.73691663752382e-05	0.000485760300492248	0.000138427464008859
mtarjeta_visa_descuentos_rank_delta1	1.73270916260905e-05	6.94078111759212e-05	6.92137320044297e-05
vmr_msaldodolares2_lag1	1.72245586369942e-05	0.000643601477868013	0.000173034330011074
vmr_mconsumosdolares_delta2	1.64993693441355e-05	0.000137498394026543	0.000103820598006645
vm_status02_delta1	1.59375700974074e-05	4.84320915319608e-05	6.92137320044297e-05
cpagomiscuentas_delta1	1.5925435466403e-05	0.000410731279941106	0.000138427464008859
cforex_sell_avg3	1.59095524263354e-05	7.96545269706856e-05	6.92137320044297e-05
ctarjeta_visa_delta2	1.5883646545235e-05	0.000123062944866404	3.46068660022148e-05
vm_status02_delta2	1.56523482326657e-05	0.000442183712149549	0.000138427464008859
cpayroll_trx_tend3	1.55566781982511e-05	4.47641096015216e-05	6.92137320044297e-05
vm_mpagosdolares_rank_delta1	1.54532918965633e-05	1.4545283480023e-05	6.92137320044297e-05
mplazo_fijo_dolares_rank_lag2	1.53779787630045e-05	0.000493215073461795	0.000138427464008859
ccallcenter_transacciones_lag1	1.5110970270634e-05	0.000254452356870148	0.000138427464008859
Master_mpagosdolares_rank_lag2	1.4118969989637e-05	3.6826265064237e-05	6.92137320044297e-05
vmr_mconsumosdolares_tend3	1.38230462610478e-05	0.000236756993755325	0.000103820598006645
mv_status07_rank_lag1	1.34557729043994e-05	2.21865326165318e-05	3.46068660022148e-05
cseguro_vivienda_lag1	1.33589628225989e-05	3.80301688740142e-05	3.46068660022148e-05
cseguro_vivienda_lag2	1.28314273862953e-05	2.29492472062309e-05	3.46068660022148e-05
catm_trx_other_lag1	1.24544561909868e-05	1.86432717588011e-05	6.92137320044297e-05
mttarjeta_master_debitos_automaticos_rank_delta2	1.18889959521284e-05	1.89593837637586e-05	3.46068660022148e-05
mttarjeta_master_debitos_automaticos_rank_lag2	1.15972664226874e-05	2.23782796911928e-05	3.46068660022148e-05
mttarjeta_master_debitos_automaticos_rank_lag1	1.15070144244811e-05	2.40908260938949e-05	3.46068660022148e-05
vmr_msaldodolares_delta1	1.14749712217869e-05	3.65880770190415e-05	3.46068660022148e-05
cpayroll_trx_delta2	1.1340230171092e-05	3.36756156015775e-05	3.46068660022148e-05
vm_msaldodolares_rank_lag2	1.13140972236016e-05	1.49839797032166e-05	3.46068660022148e-05
cextraccion_autoservicio_tend3	1.12823093799147e-05	1.10275936474793e-05	3.46068660022148e-05
vmr_mconsumototal_delta2	1.10626086827104e-05	6.76238226053569e-05	0.000103820598006645
vm_mpagosdolares_rank_delta2	1.082427729703e-05	0.000246919161341463	6.92137320044297e-05
cforex_lag2	1.07509957910271e-05	1.24800848608846e-05	3.46068660022148e-05
vmr_mpagosdolares	1.06243210380627e-05	0.000229332207976875	6.92137320044297e-05
cforex_buy_delta2	1.0503265180753e-05	0.000799165623117937	0.000207641196013289
ccajeros_propios_descuentos_delta1	1.02135354496734e-05	1.99064376659475e-05	3.46068660022148e-05
Master_mpagado_rank	1.01592542498005e-05	0.000129373645951402	6.92137320044297e-05
vm_msaldodolares_rank_delta1	9.79583412998957e-06	1.06503676046099e-05	3.46068660022148e-05
vm_msaldodolares_rank	9.74195229129128e-06	0.000665971352598281	0.000173034330011074
vm_fechaalta_delta1	9.68907556595801e-06	1.51416083348008e-05	6.92137320044297e-05
catm_trx_other_tend3	9.59880144147408e-06	3.30049994396409e-05	3.46068660022148e-05
ctarjeta_debito_tend3	9.4765572035573e-06	0.000399582811558968	0.000103820598006645
cseguro_accidentes_personales_lag1	9.35378737586575e-06	9.89734008851924e-06	3.46068660022148e-05
vm_mpagado_rank_delta1	9.34358752461197e-06	2.8663623436451e-05	3.46068660022148e-05
Visa_delinquency_delta1	9.19825778053866e-06	1.52882677800932e-05	3.46068660022148e-05
vmr_msaldodolares_lag1	9.17889257219097e-06	1.8184560332049e-05	3.46068660022148e-05
vm_status04	9.01143147234248e-06	4.42313205530579e-05	3.46068660022148e-05
catm_trx_other_delta1	8.92268061511816e-06	9.11740245177225e-05	0.000103820598006645
Master_cconsumos_delta2	8.81688490688863e-06	2.13139837069489e-05	3.46068660022148e-05
Visa_mpagosdolares_rank_delta1	8.76711238948672e-06	7.93036554663097e-06	3.46068660022148e-05
vm_status01_lag1	8.75243722654128e-06	0.000121245550137587	3.46068660022148e-05
ccajas_otras_avg3	8.61466088582889e-06	0.00016884270139868	6.92137320044297e-05
vmr_mpagosdolares_lag1	8.61465290585992e-06	3.27907441645368e-05	3.46068660022148e-05
Master_mconsumosdolares_rank_lag1	8.5575127007387e-06	1.69285172731441e-05	3.46068660022148e-05
Visa_fechaalta_delta1	8.33315006938652e-06	9.7526038122521e-06	3.46068660022148e-05
ctarjeta_master_debitos_automaticos_lag2	8.29680638886645e-06	0.000391829804933551	0.000103820598006645
ccajas_consultas_lag1	8.15441182247258e-06	3.51903605086133e-05	3.46068660022148e-05
mttarjeta_master_debitos_automaticos_rank	7.75069285933675e-06	1.99708282140506e-05	3.46068660022148e-05
ccallcenter_transacciones_lag2	7.50832959433165e-06	1.82937535955911e-05	3.46068660022148e-05
vmr_mconsumototal_tend3	7.49447999544928e-06	8.31977878284163e-05	3.46068660022148e-05
vmr_msaldodolares_lag2	7.10921724964969e-06	1.70009566397601e-05	3.46068660022148e-05
Master_mconsumosdolares_rank_delta1	6.99424902049047e-06	1.92310491956891e-05	6.92137320044297e-05
Master_mpagado_rank_lag1	6.90674730045517e-06	1.88510452420055e-05	3.46068660022148e-05
catm_trx_delta2	6.7983140311164e-06	6.72140451460238e-06	3.46068660022148e-05
Master_status_tend3	6.28286969871365e-06	0.000116967923626158	3.46068660022148e-05
cplazo_fijo_tend3	6.26523940816635e-06	0.000266388541039312	6.92137320044297e-05
cliente_edad_delta2	6.25995848233406e-06	2.16106503362071e-05	3.46068660022148e-05
ccajas_transacciones_delta1	6.08185210387262e-06	0.000103174812920437	3.46068660022148e-05
Master_mpagosdolares_rank	5.69534375746117e-06	6.54062662623329e-06	3.46068660022148e-05
vm_mconsumosdolares_rank_delta2	5.64315222128218e-06	1.22957455483947e-05	3.46068660022148e-05
Visa_mpagosdolares_rank	5.60797579258767e-06	7.53056007483597e-06	3.46068660022148e-05
ctarjeta_visa_descuentos_delta2	5.31450554173248e-06	2.03117277308884e-05	3.46068660022148e-05
vmr_Visa_mlimitecompra_delta2	5.24447950034559e-06	0.000399582811558968	0.000103820598006645
ctarjeta_master_debitos_automaticos_delta1	5.13991180052358e-06	0.000117268365364985	3.46068660022148e-05
mtarjeta_visa_descuentos_rank_delta2	5.06982590936938e-06	9.4542348222642e-05	3.46068660022148e-05
ccajas_otras_delta1	4.83373526270466e-06	0.000116946626309916	3.46068660022148e-05
cseguro_vivienda	4.62391612480982e-06	6.22034063220632e-05	3.46068660022148e-05
ctarjeta_master_transacciones_lag1	4.3088150798697e-06	0.00012757733485338	3.46068660022148e-05
ccuenta_debitos_automaticos_tend3	3.87079422009387e-06	9.40015815841479e-05	3.46068660022148e-05
cforex_delta2	3.85824281707344e-06	9.37750750100684e-05	3.46068660022148e-05
vmr_msaldodolares2_delta2	3.61562818304561e-06	9.13182621946127e-05	3.46068660022148e-05
mplazo_fijo_dolares_rank_lag1	3.26771241750178e-06	0.000122597609190787	3.46068660022148e-05
