Feature	Gain	Cover	Frequency
azar_under	0.459141803952138	0.0200110501469802	0.0155878236529041
ctrx_quarter_normalizado	0.0819148705431145	0.00592592492706292	0.00388383484954514
ctrx_quarter	0.0503852204726995	0.0033909964195333	0.00258047585724283
mcaja_ahorro_rank	0.0397080663765672	0.0048753515987116	0.00507347795661302
mtarjeta_visa_consumo_rank	0.02289927946834	0.00647298740730611	0.00530965710286914
cpayroll_trx	0.0219609990528876	0.00932919910976733	0.00515220433869839
mcuenta_corriente_rank	0.0129343601114505	0.00507540904517091	0.00711161651504549
mcuentas_saldo_rank	0.0118550248351824	0.00793056732043553	0.00855493351994402
mprestamos_personales_rank	0.00956407577890237	0.0132425324306787	0.00833624912526242
vm_status01	0.00904553035262228	0.000963267334230678	0.000489853044086774
mpayroll_sobre_edad_rank	0.00692034084750995	0.00865013420997409	0.00464485654303709
ctarjeta_visa_transacciones	0.00596981389666544	0.00388650038046613	0.00415500349895032
mpayroll_rank	0.00590473889826004	0.00493784669788457	0.00380510846745976
mcaja_ahorro_rank_avg3	0.00449630964135992	0.00390308176941593	0.00390132960111966
vm_mpagospesos_rank	0.00443460378438504	0.00216513433447453	0.00238803358992302
cdescubierto_preacordado_tend3	0.0043625424527711	0.00224967971028459	0.000813505948215535
cproductos_tend3	0.00411862155123087	0.00361893215487163	0.00188068579426172
mpasivos_margen_rank_avg3	0.00406386551707222	0.00276154345571844	0.00387508747375787
vm_status06	0.00404064443448961	0.000269229335155622	0.000139958012596221
mpasivos_margen_rank	0.00401606213536161	0.00270912721090058	0.00509097270818754
foto_mes	0.00376516036933126	0.00593448689407541	0.0105930720783765
cdescubierto_preacordado_avg3	0.00372091723485329	0.00168401039019625	0.00140832750174948
ctrx_quarter_delta2	0.00357577977380992	0.00200584964311123	0.00362141357592722
cdescubierto_preacordado	0.00342060185824045	0.00433024609913189	0.00250174947515745
cdescubierto_preacordado_delta2	0.00341648433958644	0.00291152463659008	0.00109342197340798
vm_Finiciomora	0.00305899995886049	0.00571369930603108	0.00241427571728481
vm_status06_tend3	0.00304513873732057	0.000557455645567348	0.000227431770468859
mcuentas_saldo_rank_avg3	0.00302765114189879	0.00367558069325308	0.00318404478656403
ctrx_quarter_delta1	0.00289780502030397	0.00370918671627788	0.00507347795661302
vm_mpagominimo_rank	0.00260431182723706	0.00364108064462964	0.00320153953813856
mprestamos_personales_rank_delta2	0.0025147908586797	0.010413025386604	0.00455738278516445
ccaja_ahorro	0.0024829152703449	0.0182411207014759	0.00680545836249125
mcuentas_saldo_rank_delta2	0.00230603077601562	0.00401064107697792	0.00535339398180546
mrentabilidad_annual_rank_lag2	0.00219387488295304	0.00298120954483832	0.00666550034989503
ctrx_quarter_normalizado_avg3	0.00217481136208607	0.00142036815350385	0.00108467459762071
mprestamos_personales_rank_delta1	0.00217265488972232	0.0104042346058432	0.00555458362491253
vm_status04_delta2	0.00213676924434394	0.000780357732036048	0.000419874037788663
ctrx_quarter_normalizado_delta2	0.00208483573503103	0.00151523380463463	0.0029741077676697
ccomisiones_mantenimiento_delta2	0.0020558967370846	0.00236325718894933	0.00163575927221833
vm_msaldototal_rank	0.00189596189772187	0.000849655258173652	0.00120713785864241
vm_status04_tend3	0.00181464629108433	0.000557739597777504	0.000244926522043387
mactivos_margen_rank	0.00179700383490295	0.00538541359890178	0.00755773268019594
vm_msaldopesos_rank	0.00175438484206171	0.00205987783658829	0.00214310706787964
cproductos_delta2	0.00174581181856158	0.000955115790105256	0.00109342197340798
mv_status07_rank	0.00169408255760234	0.00066759628086987	0.000306158152554234
ctrx_quarter_normalizado_delta1	0.00165727535089823	0.00222494098078762	0.00363016095171449
mautoservicio_rank	0.00163820701981102	0.00256820793841681	0.00203813855843247
cproductos	0.00162361486755104	0.00263120124003862	0.00340272918124563
ctarjeta_visa_transacciones_delta2	0.00159506547261592	0.00299353465752956	0.00227431770468859
mcuenta_corriente_rank_delta2	0.00153838309729728	0.00271924214798105	0.00317529741077677
mprestamos_personales_rank_lag1	0.00151602953890422	0.00173622955667483	0.00170573827851645
mcuenta_debitos_automaticos_rank	0.0015103186174362	0.0042411212240958	0.00303533939818055
mprestamos_personales_rank_tend3	0.00147668222495458	0.00454318746956614	0.00222183344996501
Visa_mpagominimo_rank	0.00145054942853573	0.00326392834890289	0.004907277816655
vm_status02_avg3	0.00143946904240954	0.00079857244395024	0.000332400279916025
mprestamos_personales_rank_avg3	0.00143414273535232	0.00152201797287078	0.00157452764170749
mv_status07_rank_delta2	0.00142891574135439	0.00265595438813467	0.00117214835549335
vm_status06_delta2	0.00134782292475876	0.00112962594246203	0.000472358292512246
Visa_mpagospesos_rank	0.00132950656041698	0.000959695289331289	0.00213435969209237
mcomisiones_otras_rank_lag2	0.00130175215524064	0.00198685817445578	0.00423372988103569
mpagomiscuentas_rank	0.00124408770539193	0.00407577159175181	0.0023442967109867
vm_status01_avg3	0.00118529490531529	0.00191024172394856	0.00104968509447166
Visa_status	0.00118048189667323	0.00015293666763571	0.000148705388383485
ccomisiones_mantenimiento_delta1	0.00117932382557203	0.002016857048002	0.00111091672498251
mactivos_margen_rank_avg3	0.00115250802169474	0.00339274639548528	0.00443491952414276
mpayroll_rank_delta2	0.00114918649762997	0.00772598732459382	0.0037001399580126
cprestamos_personales_tend3	0.00112225260032658	0.00308688979738164	0.00108467459762071
mcuentas_saldo_rank_tend3	0.00110607448858805	0.00254776001011541	0.00353393981805458
vmr_mpagominimo_avg3	0.00110117950527095	0.00176169653410858	0.00201189643107068
mcuentas_saldo_rank_delta1	0.00107122541099305	0.0035636355956342	0.00526592022393282
mtransferencias_recibidas_rank	0.00107106511637086	0.00387810118422172	0.00454863540937719
mrentabilidad_annual_rank_delta1	0.00103208744284498	0.00367637632459264	0.00586074177746676
mcaja_ahorro_rank_lag1	0.00103007900127709	0.00119520039068619	0.00244926522043387
mcuenta_corriente_rank_lag1	0.00103002567727851	0.00292779685889514	0.00328026592022393
mactivos_margen_rank_lag2	0.00102914900920922	0.00427670161704932	0.00495101469559132
ccaja_seguridad	0.00100285105162995	0.00550189019412914	0.00188068579426172
mcuenta_corriente_rank_avg3	0.000999323501319395	0.00223810642972111	0.0046186144156753
Visa_delinquency_avg3	0.00099355531664602	0.000456070505308278	0.000472358292512246
mprestamos_personales_rank_lag2	0.000956237991351315	0.00334031171080075	0.002055633310007
vmr_mpagominimo_delta2	0.000954050986882952	0.00157168761947314	0.00185444366689993
vm_status05_delta2	0.000918934066509832	0.000999297855560206	0.000603568929321204
mrentabilidad_annual_rank_lag1	0.000915988718642569	0.00198087373128205	0.00472358292512246
mrentabilidad_rank_avg3	0.000913218094194328	0.00348840427255784	0.00403254023792862
Visa_Finiciomora	0.000892174091251795	0.00297521760254396	0.00117214835549335
ccomisiones_mantenimiento_tend3	0.000891068924378406	0.00105283621517231	0.000839748075577327
cprestamos_personales_delta2	0.000889850600970398	0.00114809381309586	0.000559832050384885
mrentabilidad_annual_rank_avg3	0.000862863150517538	0.00345615798139115	0.00482855143456963
mtarjeta_master_consumo_rank	0.00085455601180861	0.00122095103050901	0.000857242827151855
numero_de_cliente	0.000842543060755221	0.00466254811065958	0.00606193142057383
cprestamos_personales	0.000821494308790435	0.00163365897571395	0.00163575927221833
mcomisiones_mantenimiento_rank	0.000815248660208213	0.00336029838884191	0.00372638208537439
cdescubierto_preacordado_delta1	0.000804393813271041	0.0019150055131584	0.000621063680895731
vm_Finiciomora_delta1	0.000796291823834109	0.00165342843285028	0.000621063680895731
mrentabilidad_annual_rank	0.000789221611229531	0.00503116481309276	0.00504723582925123
mrentabilidad_annual_rank_tend3	0.000787742125084543	0.00350088940271683	0.00510846745976207
vm_status06_avg3	0.000764043651326413	8.30157725672367e-05	0.000131210636808957
vmr_mpagospesos	0.000755760315964085	0.000853212232376508	0.00114590622813156
cplazo_fijo	0.000737738796304308	0.00303901287534161	0.00109342197340798
mcomisiones_rank_lag2	0.000731175447188292	0.00143330391922576	0.00294786564030791
ctarjeta_visa_transacciones_delta1	0.000716479118958991	0.00188696492447056	0.00139958012596221
mpasivos_margen_rank_lag2	0.000713464688891647	0.0020130162302719	0.00443491952414276
Visa_fechaalta	0.000705074574891668	0.00207634510848502	0.00353393981805458
ctrx_quarter_tend3	0.000697221830984324	0.00104576664562058	0.00167074877536739
cprestamos_personales_avg3	0.000647972453030624	0.00218079920046379	0.00177571728481456
cliente_edad_avg3	0.00064670716607327	0.00290518295269877	0.00450489853044087
ctrx_quarter_normalizado_lag1	0.000645367469554694	0.000519449377658936	0.000726032190342897
mactivos_margen_rank_delta2	0.000640497816290825	0.00247018892517469	0.00412876137158852
ctarjeta_visa_transacciones_tend3	0.000636155480751725	0.00170220956045464	0.00129461161651505
mactivos_margen_rank_tend3	0.00063359386906508	0.00350789445084904	0.00447865640307908
mcomisiones_rank_avg3	0.000628431913290131	0.00389757654540983	0.00372638208537439
cliente_edad_lag2	0.00062488669342384	0.00225263947190969	0.00412876137158852
Visa_fechaalta_lag2	0.000614466233245144	0.00167279786443103	0.00308782365290413
cliente_edad	0.000611049496951746	0.00336174481343271	0.00429496151154654
vm_Finiciomora_lag1	0.000602911666039735	0.00216155486290978	0.000848495451364591
mactivos_margen_rank_lag1	0.000600044461871468	0.00242898712618676	0.00353393981805458
mcuenta_corriente_rank_lag2	0.000574971016511184	0.00391824687516799	0.00383135059482155
mcuentas_saldo_rank_lag2	0.000572089758558164	0.00259458542502355	0.00364765570328901
cpayroll_trx_avg3	0.000564614525024216	0.00164555066096932	0.00133834849545136
Visa_msaldopesos_rank	0.000564104175440972	0.00235658134134451	0.00289538138558433
mpasivos_margen_rank_delta2	0.000562229937447599	0.00164839449415956	0.00306158152554234
mttarjeta_visa_debitos_automaticos_rank_delta2	0.000561985039165708	0.00362501122463032	0.00286039188243527
chomebanking_transacciones	0.000557512029709885	0.00259860995309528	0.0029741077676697
ccaja_seguridad_avg3	0.000556705134133421	0.00147118965778954	0.000656053184044787
ccomisiones_mantenimiento_avg3	0.000548063099340467	0.00769843352664952	0.00384009797060882
mrentabilidad_rank_delta2	0.000538219713113854	0.00320771983138704	0.00383135059482155
cmobile_app_trx_avg3	0.000536621735187148	0.00207612440972714	0.00361266620013996
mrentabilidad_rank_tend3	0.000536255260244806	0.00133826473771903	0.00300034989503149
ctrx_quarter_normalizado_tend3	0.000534653408890625	0.00113575036922086	0.002055633310007
mactivos_margen_rank_delta1	0.000521336646160513	0.00190450804847051	0.00361266620013996
mrentabilidad_rank	0.000519874050353852	0.00275278622174846	0.00396256123163051
mrentabilidad_rank_lag2	0.000514606587683029	0.00237531552132982	0.00349895031490553
mpasivos_margen_rank_tend3	0.00051288216818461	0.00289403784656396	0.00343771868439468
cliente_antiguedad	0.000511353394211455	0.0031690941795877	0.00367389783065081
vm_status05_tend3	0.000508449016634953	0.000314802795422447	0.000166200139958013
ctransferencias_recibidas_avg3	0.000503455310362342	0.0018701207764776	0.00339398180545836
vmr_mpagominimo_tend3	0.000485615319836592	0.00108689417795492	0.00109342197340798
Visa_msaldototal_rank	0.000479776869970876	0.000773392353165147	0.00161826452064381
chomebanking_transacciones_lag2	0.000479621435257365	0.00235773852449032	0.00319279216235129
Master_Fvencimiento_avg3	0.000478716295019082	0.00316443664603395	0.00349020293911826
mcaja_ahorro_rank_lag2	0.000475123832376944	0.00181709648701887	0.00294786564030791
mtransferencias_recibidas_rank_lag1	0.000473726297600327	0.00238877502998389	0.0032890132960112
Master_Fvencimiento	0.000469941062231484	0.00142119657085389	0.00251049685094472
vm_fechaalta_tend3	0.000467140838681888	0.000377579962968501	0.000551084674597621
mcomisiones_otras_rank	0.000467037659805481	0.00370984388559304	0.00329776067179846
mplazo_fijo_dolares_rank	0.000465520589343634	0.00493541629447518	0.00173198040587824
mttarjeta_visa_debitos_automaticos_rank_lag2	0.000465129236743001	0.00205539901396242	0.00263296011196641
chomebanking_transacciones_avg3	0.000463281059910854	0.000908369351443377	0.00225682295311407
mcuenta_corriente_rank_tend3	0.000461876265661882	0.00172289579414496	0.00219559132260322
mtarjeta_visa_consumo_rank_avg3	0.000461410282623161	0.00135847247679443	0.00133834849545136
mcomisiones_mantenimiento_rank_delta2	0.00046008178751223	0.00104744315192696	0.00137333799860042
mtransferencias_recibidas_rank_lag2	0.000456409063705313	0.00194084549033135	0.00342897130860742
vm_Fvencimiento	0.000453910936013913	0.00118420280348474	0.00305283414975507
vm_mpagospesos_rank_delta2	0.000453468776037145	0.00216425085111792	0.00221308607417775
ctarjeta_master_avg3	0.000448667974872085	5.07900224700966e-05	0.000148705388383485
cproductos_delta1	0.000441864624515532	0.00118471774310137	0.000813505948215535
ccallcenter_transacciones_avg3	0.000441623703848856	0.00283987789317514	0.00301784464660602
ccomisiones_mantenimiento_lag2	0.000441438610676836	0.00102507820204447	0.00156578026592022
mcomisiones_otras_rank_lag1	0.000439231785275033	0.00125382844332066	0.00294786564030791
Master_Fvencimiento_lag2	0.000421326054641968	0.00176130009508897	0.00295661301609517
cliente_edad_lag1	0.000420903284080519	0.00185860763378972	0.00277291812456263
mcuenta_corriente_rank_delta1	0.000414565295911529	0.0036740059141483	0.003481455563331
mrentabilidad_annual_rank_delta2	0.000413371457639312	0.00149711980554823	0.00286039188243527
mpasivos_margen_rank_lag1	0.000410580613720418	0.0012437385395366	0.00244926522043387
cliente_antiguedad_lag1	0.00040958654249473	0.00248880011233613	0.00312281315605318
mpasivos_margen_rank_delta1	0.000409502951763459	0.00178801714332697	0.00306158152554234
Visa_mlimitecompra_rank_delta2	0.000405234510610862	0.00139510687658671	0.00334149755073478
azar_sampling	0.000403257598942899	0.0018909536234104	0.00353393981805458
cmobile_app_trx	0.000395862266621943	0.00189383165548892	0.00252799160251924
ctarjeta_visa	0.000392420811661483	0.000175846915893711	0.000104968509447166
cliente_antiguedad_avg3	0.000391199679322416	0.0024129345158105	0.00295661301609517
chomebanking_transacciones_lag1	0.000387548016049561	0.00197859236836674	0.00303533939818055
mcuenta_debitos_automaticos_rank_delta2	0.000387240731211035	0.00561964913898432	0.00248425472358293
vm_fechaalta_lag2	0.000384154644247152	0.00180415184552617	0.00250174947515745
cpayroll_trx_lag1	0.000383841599980895	0.000477941636285861	0.000446116165150455
ctransferencias_emitidas_avg3	0.000381060497327691	0.00175562326077163	0.00201189643107068
cliente_antiguedad_lag2	0.000380274501310359	0.00212673289551376	0.00300909727081875
vm_cconsumos_lag1	0.000378027894146357	0.00308814171579531	0.00211686494051784
ccaja_ahorro_avg3	0.000375769702465581	0.00283118891207119	0.00132085374387684
mcomisiones_rank_delta2	0.00037548171494029	0.00163946528760198	0.00217809657102869
vmr_mpagominimo	0.000375137304503356	0.00164614095406862	0.00152204338698391
ccallcenter_transacciones_delta2	0.000371843745970515	0.00122455376021601	0.000813505948215535
Visa_Fvencimiento_lag2	0.000370309583789442	0.00133773342321097	0.00272918124562631
mcomisiones_rank	0.000369955026375276	0.00143357464834881	0.00243177046885934
thomebanking	0.000368865065383093	0.000865916249911584	0.0016445066480056
mrentabilidad_rank_lag1	0.000365324298639125	0.00136619946925478	0.00276417074877537
Master_mfinanciacion_limite_rank_delta1	0.000364932230806572	0.00129295128319503	0.00291287613715885
mrentabilidad_rank_delta1	0.000358642875941415	0.00112504466808183	0.00230055983205039
ccheques_depositados_avg3	0.000351572150007553	0.00350053100271491	0.00134709587123863
mcaja_ahorro_rank_delta1	0.000349995518894987	0.00227088686115146	0.00302659202239328
vm_Fvencimiento_lag1	0.000345227789877954	0.00257782086914665	0.00258047585724283
thomebanking_avg3	0.000341901167939392	0.000878722827883884	0.00202064380685794
mpayroll_rank_delta1	0.000341709798664242	0.00578993985858823	0.00252799160251924
tcallcenter_avg3	0.0003411691142682	0.00124329134559909	0.00173198040587824
vm_mpagominimo_rank_lag1	0.000340200648848915	0.00120934336991907	0.00125962211336599
mcuentas_saldo_rank_lag1	0.0003373943048413	0.00186024697054167	0.00222183344996501
vm_mlimitecompra_rank_delta2	0.000336182166044567	0.00112456827466979	0.00257172848145556
mpayroll_sobre_edad_rank_delta2	0.000335081117854236	0.00331729915569898	0.00165325402379286
cmobile_app_trx_lag1	0.000334786531253681	0.00246550552508891	0.00220433869839048
Visa_fultimo_cierre	0.000334364645670886	0.00153272001501858	0.00209937018894332
vmr_msaldopesos2	0.000333371728064456	0.00158677465466985	0.00232680195941218
Master_fechaalta_lag2	0.000325325159326605	0.00158653240046861	0.00268544436668999
mcaja_ahorro_dolares_rank	0.000324899731067497	0.00322896679642576	0.00248425472358293
mcomisiones_otras_rank_delta2	0.000324762111296174	0.00176502331791295	0.00209062281315605
Visa_mfinanciacion_limite_rank_delta1	0.000322687405243965	0.00140760820049895	0.00271168649405178
mcomisiones_rank_lag1	0.000321978079302419	0.000997550741591465	0.00232680195941218
Master_Fvencimiento_lag1	0.000320544353893156	0.000891163289367814	0.00199440167949615
vm_Fvencimiento_lag2	0.000317215899204601	0.000787127228079657	0.00218684394681596
vm_mpagominimo_rank_lag2	0.000316186495573503	0.00228374343326129	0.00171448565430371
vmr_mpagospesos_avg3	0.000315576740846415	0.00138320530118674	0.00180195941217635
Master_fechaalta	0.000315180850205847	0.00114858056761177	0.00230055983205039
Visa_mfinanciacion_limite_rank_delta2	0.000314826842762322	0.000913691263611836	0.0024667599720084
Visa_mlimitecompra_rank_delta1	0.000312395772744293	0.00121488895151155	0.00265045486354094
mtarjeta_visa_consumo_rank_delta1	0.000309145199115938	0.00225574200664786	0.00158327501749475
vm_status05	0.000304912501567741	0.000225218771329006	0.000166200139958013
ccallcenter_transacciones_delta1	0.000302883868836602	0.00170178029919691	0.000848495451364591
Visa_fechaalta_lag1	0.000302837376837096	0.00090907894214768	0.00173198040587824
mttarjeta_visa_debitos_automaticos_rank_lag1	0.000301919683968525	0.00107366884473929	0.00198565430370889
Visa_fechaalta_avg3	0.000300168860160496	0.000984339066194571	0.00185444366689993
Visa_fultimo_cierre_avg3	0.000299552378248898	0.00230192546784791	0.0022480755773268
Visa_mfinanciacion_limite_rank	0.000296757214311215	0.00109140006262481	0.002055633310007
Master_mfinanciacion_limite_rank	0.000296630825643169	0.00161608429744314	0.00226557032890133
Visa_mpagominimo_rank_delta2	0.000295412911230139	0.000821144144950789	0.00179321203638908
Visa_mconsumospesos_rank	0.000295021604868595	0.00110688132695534	0.00197690692792162
Visa_mlimitecompra_rank	0.000292569057937946	0.00105213437718209	0.00219559132260322
mcomisiones_mantenimiento_rank_lag2	0.000291011936667705	0.00100952661987266	0.00155703289013296
Master_mlimitecompra_rank_delta2	0.000288357730833186	0.000804009306407398	0.00231805458362491
mcaja_ahorro_dolares_rank_delta2	0.0002874397418158	0.00238744207034871	0.00196815955213436
cpayroll_trx_lag2	0.00028706118060146	0.000601080022795308	0.000428621413575927
Visa_mpagospesos_rank_delta2	0.000286948066233438	0.00191978560480439	0.00231805458362491
ccomisiones_otras	0.00028691998711606	0.00149963719151141	0.00201189643107068
Master_mfinanciacion_limite_rank_delta2	0.000286158092902318	0.00102223005776556	0.00240552834149755
mtarjeta_visa_consumo_rank_delta2	0.000285653730240316	0.00079364349294835	0.0010146955913226
vm_fechaalta	0.000285053964608153	0.00105278096802757	0.0018369489153254
ccallcenter_transacciones_tend3	0.000284531209769386	0.000947527078531121	0.00059482155353394
ccomisiones_otras_avg3	0.000283165671398479	0.000971547740056984	0.00178446466060182
Visa_status_tend3	0.000281524835911445	0.00199187631789725	0.00104968509447166
mcomisiones_otras_rank_delta1	0.000279338834479727	0.00135994665175433	0.00222183344996501
vm_mfinanciacion_limite_rank_delta2	0.000278602015011453	0.00226811407035522	0.00258047585724283
mtransferencias_recibidas_rank_delta1	0.000278106051521957	0.00123201777626739	0.00227431770468859
mprestamos_prendarios_rank_lag2	0.000272190760517398	0.00826436785189444	0.00263296011196641
mcaja_ahorro_rank_tend3	0.00027215341094858	0.00203939016657032	0.00207312806158153
vm_cconsumos_lag2	0.000270972267108241	0.00118440589561158	0.00145206438068579
Master_Fvencimiento_tend3	0.000268834466243623	7.24978030374232e-05	0.000209937018894332
vm_mfinanciacion_limite_rank_delta1	0.000265773456392377	0.00154700910030704	0.00239678096571029
ctarjeta_visa_debitos_automaticos_avg3	0.000263263003341128	0.0022087654862704	0.00200314905528342
mcomisiones_rank_delta1	0.000261883181695346	0.00128350905708553	0.00220433869839048
cproductos_avg3	0.000261559063911303	0.0019971481634729	0.00186319104268719
Visa_mfinanciacion_limite_rank_lag2	0.00026022757607811	0.000933214083002976	0.00198565430370889
Visa_mpagominimo_rank_lag1	0.00026016915948579	0.00113121459675136	0.00165325402379286
mtransferencias_emitidas_rank	0.000259040796145311	0.00315314822337153	0.00207312806158153
mcaja_ahorro_rank_delta2	0.000258552867532113	0.00157263595029801	0.00189818054583625
mcomisiones_rank_tend3	0.000258354195522917	0.00206443523695643	0.00223932820153954
vm_Fvencimiento_avg3	0.000254708521079421	0.000614480516630494	0.00170573827851645
Master_fultimo_cierre	0.000249253559190839	0.00066792240204821	0.0013296011196641
ccomisiones_otras_lag1	0.000249169769117679	0.00129650818494262	0.00171448565430371
ctrx_quarter_avg3	0.000248633173340347	0.000559434181674196	0.000909727081875437
mtransferencias_emitidas_rank_lag1	0.000248040677032685	0.00347217929108999	0.00229181245626312
Visa_delinquency	0.000245827586996726	0.000309208813708406	0.000218684394681596
Visa_mpagominimo_rank_lag2	0.000244898149690986	0.000870327942728145	0.00163575927221833
Visa_Fvencimiento_avg3	0.000244467430644804	0.00171758786584396	0.00201189643107068
mcomisiones_mantenimiento_rank_lag1	0.000244437746801899	0.0026086317851515	0.00200314905528342
Visa_Fvencimiento	0.000242808156994488	0.000821833593089534	0.00185444366689993
mcaja_ahorro_dolares_rank_lag2	0.000242484181734725	0.00113056876668623	0.00167074877536739
vm_fechaalta_avg3	0.000241038941402379	0.000823751665272071	0.00158327501749475
Visa_mpagospesos_rank_delta1	0.000236274521023401	0.00192140208191809	0.00220433869839048
ccajas_consultas_avg3	0.000234965851211532	0.00531508927287996	0.00230930720783765
vm_status04	0.000234882772402886	0.000111251954261281	9.6221133659902e-05
Visa_mfinanciacion_limite_rank_lag1	0.00023422091999201	0.000794646636186322	0.00173198040587824
mtransferencias_recibidas_rank_delta2	0.000234205210091651	0.000793113591318093	0.0017407277816655
Visa_msaldopesos_rank_delta1	0.000233351315801199	0.00107664106867114	0.00143456962911127
Master_mlimitecompra_rank_delta1	0.000232369447893369	0.00078691134759735	0.00189818054583625
vm_fechaalta_delta2	0.000232293263692121	0.000200184170729673	0.000349895031490553
vmr_mpagado_avg3	0.000230901853340929	0.000802849659782353	0.00151329601119664
mcaja_ahorro_dolares_rank_delta1	0.000230737668416882	0.00217436701993801	0.00146081175647306
Visa_cconsumos_lag2	0.000229783666627224	0.00128573868693678	0.00177571728481456
Master_fechaalta_avg3	0.000229123051971538	0.00069807701820115	0.00172323303009097
mtransferencias_emitidas_rank_delta2	0.000228939304288593	0.0033352386824909	0.00139083275017495
Master_mlimitecompra_rank	0.000227648314194329	0.00110877023589098	0.00167949615115465
mcaja_ahorro_dolares_rank_tend3	0.000226922732987071	0.00208843626310364	0.00148705388383485
mautoservicio_rank_avg3	0.000226921839338012	0.00102162683140025	0.00169699090272918
cmobile_app_trx_lag2	0.000226814587037767	0.000605560801713524	0.00150454863540938
ctransferencias_recibidas_lag2	0.000223770433412896	0.000717362510349533	0.00153953813855843
Visa_msaldopesos_rank_delta2	0.000220442083484516	0.000553750645244219	0.001425822253324
Master_mlimitecompra_rank_lag2	0.000218012360913456	0.00100759188297761	0.00168824352694192
Visa_mconsumospesos_rank_lag1	0.000213911897689442	0.000550489324777914	0.00145206438068579
Visa_mconsumospesos_rank_lag2	0.000213547469928767	0.000666704899888638	0.00159202239328202
vm_Fvencimiento_tend3	0.000213421470332019	0.000230977443875832	0.000358642407277817
ccaja_seguridad_lag2	0.000213151151706144	0.000335831633865438	0.000218684394681596
chomebanking_transacciones_delta1	0.000212142547066326	0.00122131685717629	0.00177571728481456
vm_mfinanciacion_limite_rank_lag1	0.000210334934719374	0.00141720272758976	0.00156578026592022
Master_mfinanciacion_limite_rank_lag1	0.000209671565442955	0.000604497411917055	0.00152204338698391
ccomisiones_otras_lag2	0.000208627728978485	0.000439157379896573	0.00116340097970609
Visa_msaldototal_rank_delta1	0.000208340258656782	0.00155891132780445	0.00153953813855843
vm_fechaalta_lag1	0.000208294251555633	0.00146699283108148	0.00146955913226032
ccajas_consultas_delta2	0.000208054220039656	0.00331717054759155	0.00114590622813156
Visa_cconsumos_lag1	0.000205908679934115	0.000767022520400748	0.00134709587123863
Visa_Fvencimiento_lag1	0.000205787733717944	0.000626468929673708	0.00155703289013296
vmr_mpagospesos_lag1	0.000205218119061283	0.00118108229983916	0.00119839048285514
ccaja_ahorro_lag2	0.000205126979906218	0.00837240377023428	0.00300034989503149
Master_mlimitecompra_rank_lag1	0.00020446976931282	0.000652568840134211	0.00155703289013296
Master_fechaalta_lag1	0.000202990558312623	0.00065695379695548	0.00161826452064381
vm_mlimitecompra_rank_delta1	0.00020251268742753	0.000813518082684045	0.00168824352694192
Visa_mconsumosdolares_rank_lag2	0.000202434520983238	0.00205786676806441	0.0016445066480056
vm_status01_tend3	0.000198936967369173	0.00216836790457174	0.00089223233030091
mcaja_ahorro_dolares_rank_lag1	0.000198865290598731	0.00163021398113365	0.00180195941217635
Visa_mlimitecompra_rank_lag1	0.000198415992937184	0.000574406266582205	0.00146955913226032
vmr_mpagominimo_delta1	0.000197064472194537	0.000914363250030079	0.000857242827151855
Visa_msaldototal_rank_delta2	0.000195331182600592	0.00123242338087888	0.00132085374387684
Master_mpagospesos_rank_lag2	0.000193953424500186	0.00358942637567759	0.0019594121763471
vmr_msaldopesos2_avg3	0.000193271103528407	0.000546997777685487	0.00124212736179146
ctarjeta_debito_transacciones_avg3	0.000192291276930409	0.000730205859372268	0.00153079076277117
Master_mfinanciacion_limite_rank_lag2	0.000192062789665349	0.000943046770572172	0.00153953813855843
Visa_mpagominimo_rank_delta1	0.00019177537871555	0.000881466129384506	0.00144331700489853
ctarjeta_debito_avg3	0.00019148289885477	0.00079842898251209	0.00139083275017495
ccajas_transacciones_avg3	0.000191403879921416	0.0010696656547451	0.00135584324702589
chomebanking_transacciones_tend3	0.000191306681863968	0.00230569738061454	0.0017407277816655
ccajas_extracciones_avg3	0.000191299391037672	0.00276886386542112	0.00162701189643107
vm_mconsumospesos_rank	0.000190092036947727	0.0016480540268374	0.00144331700489853
mtransferencias_emitidas_rank_lag2	0.000186802290596447	0.00234332727961362	0.00171448565430371
ctransferencias_recibidas_lag1	0.000185346858673827	0.00077724784308779	0.0013296011196641
mautoservicio_rank_tend3	0.000183498471244673	0.00120536872730196	0.00105843247025892
Master_msaldototal_rank	0.000182020560705702	0.00218248110468791	0.00132085374387684
Visa_cconsumos_avg3	0.000181686298031371	0.000648217430103782	0.00124212736179146
Master_mpagominimo_rank	0.000179081123452557	0.000789017187616738	0.000848495451364591
ctarjeta_master_transacciones	0.000178262381267149	0.00039700188839367	0.000279916025192442
vm_mconsumosdolares_rank	0.000178254355971069	0.00288290618088206	0.00145206438068579
vm_status05_avg3	0.000178209799121936	0.000144591957755688	0.000218684394681596
vm_msaldototal_rank_lag1	0.000178165930669423	0.000464462890757139	0.000673547935619314
Visa_mpagospesos_rank_lag2	0.000177729123568165	0.000601087050956672	0.00125962211336599
Master_fultimo_cierre_avg3	0.000176236601705861	0.000455772677913573	0.00126836948915325
mpayroll_rank_lag1	0.000175518200418193	0.00129545613439619	0.00122463261021694
ctarjeta_visa_avg3	0.000175434308608345	4.50068962690401e-05	2.62421273617915e-05
Visa_mconsumosdolares_rank	0.000175369107603707	0.000838294561377615	0.00111091672498251
ctrx_quarter_lag1	0.000172575435720529	0.000920156375058643	0.00102344296710987
vm_mpagospesos_rank_lag1	0.000172012926511628	0.00043994083875047	0.00077851644506648
Master_msaldototal_rank_lag1	0.000171345297730427	0.0024039629953742	0.00119839048285514
vmr_mpagosdolares_avg3	0.000169389892306606	0.00278445167522883	0.00186319104268719
vmr_mpagospesos_lag2	0.000168526414108272	0.00162329997305045	0.00146955913226032
vm_Fvencimiento_delta2	0.0001673360712464	0.000290250710705619	0.0004111266620014
mttarjeta_visa_debitos_automaticos_rank	0.000167228762934194	0.00116556890159559	0.00129461161651505
vm_fultimo_cierre_avg3	0.000166956620953262	0.00303601043756142	0.00179321203638908
vm_cconsumos_delta2	0.000166101548490617	0.00140331736307574	0.000900979706088174
ctrx_quarter_lag2	0.000164830701249235	0.000634946921026193	0.00122463261021694
vm_mconsumospesos_rank_lag2	0.000164740520105732	0.000927769250465921	0.00109342197340798
ctarjeta_visa_debitos_automaticos_tend3	0.000163908529596487	0.00113220879176326	0.000656053184044787
Visa_mlimitecompra_rank_lag2	0.000163834237361352	0.000516149945719668	0.00125087473757873
vm_Finiciomora_avg3	0.000162541312260515	0.000839175472572073	0.000376137158852344
mtransferencias_emitidas_rank_delta1	0.000162269903777796	0.00389419302912765	0.00172323303009097
vm_cconsumos_avg3	0.000162194815100588	0.000687251476042576	0.000865990202939118
vmr_mconsumospesos_lag2	0.000160259093742063	0.000675901683764944	0.00104968509447166
vmr_mpagominimo_lag1	0.000159871976414061	0.000919779064230781	0.00108467459762071
mcaja_ahorro_dolares_rank_avg3	0.000159188371949462	0.0011032030626275	0.00118089573128062
Visa_mconsumospesos_rank_delta2	0.000159070495381203	0.000494387497649773	0.00118089573128062
vmr_msaldototal	0.000158209001468611	0.000804737336978373	0.000997200839748075
chomebanking_transacciones_delta2	0.000158017542266812	0.000554900184358849	0.0011371588523443
vm_fultimo_cierre_tend3	0.000156847887895105	0.000523342870371634	0.000726032190342897
Visa_cconsumos_delta2	0.000154875877428557	0.000892238199552497	0.000918474457662701
vm_status04_delta1	0.000154626964624616	0.00134705841669072	0.000568579426172148
vmr_mconsumosdolares_avg3	0.000154048536831995	0.00138338774356112	0.00139958012596221
Visa_mpagospesos_rank_lag1	0.00015399824182279	0.000539013532782634	0.00109342197340798
vmr_msaldopesos	0.000153717946543459	0.000757806209828694	0.000953463960811756
ctarjeta_debito_transacciones	0.000152788690342812	0.000638323735195736	0.000831000699790063
mpayroll_sobre_edad_rank_lag1	0.000150520384497024	0.000662489379720457	0.00133834849545136
vmr_Master_mlimitecompra_avg3	0.000149955815802333	0.000911738883858105	0.00117214835549335
Visa_fechaalta_tend3	0.000149083838118057	0.000258232291368714	0.000367389783065081
vmr_msaldopesos2_lag2	0.000147509928528247	0.000379501983963351	0.00116340097970609
ctarjeta_debito_transacciones_delta1	0.000147488318346171	0.0044092062603158	0.00188068579426172
vmr_mpagominimo_lag2	0.00014578769233483	0.00136785742701158	0.00111966410076977
Master_msaldopesos_rank	0.000144837332015802	0.000947518021622147	0.000752274317704689
vm_msaldototal_rank_delta1	0.000144549403640262	0.00165144565811003	0.00121588523442967
vm_cconsumos_delta1	0.000142981225757958	0.000511798499461603	0.00059482155353394
mcuenta_debitos_automaticos_rank_lag2	0.000141767366371578	0.000999006694050506	0.00114590622813156
vmr_mconsumospesos	0.000140410576474545	0.000676571134248675	0.0011371588523443
vmr_msaldopesos2_lag1	0.000139704022717616	0.00163391890900151	0.00137333799860042
Visa_mconsumototal_rank	0.000139382686461506	0.000650251140900101	0.00102344296710987
cprestamos_personales_lag2	0.000138987804624334	0.0031806224654274	0.00146081175647306
vm_fultimo_cierre	0.000138827315619513	0.000395837495948322	0.00106717984604619
ctarjeta_visa_debitos_automaticos_lag2	0.000138783109413882	0.000417140758733229	0.000944716585024493
vm_mfinanciacion_limite_rank	0.000138594368766659	0.000551409615412591	0.000927221833449965
vmr_Visa_mlimitecompra_avg3	0.000136860982804561	0.000452913411750446	0.0010146955913226
vmr_mconsumospesos_avg3	0.00013673482351602	0.00075147622746378	0.00106717984604619
ctarjeta_visa_debitos_automaticos	0.000136525564984478	0.000528631308204525	0.000935969209237229
vm_fultimo_cierre_delta2	0.000136031320886295	0.000284804646428943	0.000516095171448565
vmr_mconsumospesos_lag1	0.000134863061736355	0.000455600053228526	0.00096221133659902
vm_mlimitecompra_rank	0.000134096593034897	0.00041483664486258	0.00096221133659902
Visa_cconsumos	0.000133781402464496	0.000393056843755091	0.00105843247025892
vm_mlimitecompra_rank_lag1	0.000133239082748547	0.000498300843106943	0.000831000699790063
mautoservicio_rank_lag2	0.000132816808131326	0.00041141733567613	0.000953463960811756
ctarjeta_master_tend3	0.000132464350271542	2.65630445578034e-05	8.74737578726382e-06
ctransferencias_recibidas	0.000132413675962068	0.00105542457107421	0.00111091672498251
cforex_buy_avg3	0.000132038566542413	0.00154486156227873	0.000796011196641008
mautoservicio_rank_delta2	0.000131421382477325	0.000728901121065457	0.000874737578726382
vm_msaldopesos_rank_delta2	0.000131299031500649	0.000520866494092297	0.000813505948215535
Visa_mconsumototal_rank_lag2	0.00012986074411243	0.000377096903671458	0.000822253324002799
vmr_Master_mlimitecompra_lag2	0.000129531564883946	0.00106747428127736	0.00111966410076977
Visa_msaldopesos_rank_lag2	0.000128551809398758	0.000705071161814953	0.000927221833449965
cmobile_app_trx_delta2	0.000128056257641973	0.000415633471714122	0.000918474457662701
ctrx_quarter_normalizado_lag2	0.000127680495075145	0.000467842168405923	0.000848495451364591
cextraccion_autoservicio_avg3	0.000126779779977171	0.000395325345859655	0.000909727081875437
Visa_mconsumototal_rank_delta2	0.00012597392400128	0.000408657767966991	0.000979706088173548
ctarjeta_visa_transacciones_lag2	0.000124515695602897	0.000758574996490052	0.00103219034289713
ctarjeta_master_transacciones_delta1	0.000123587824065776	0.001507712005504	0.000559832050384885
vmr_msaldopesos_lag2	0.000123541286772944	0.000672183605265257	0.000822253324002799
Master_fechaalta_tend3	0.000123450646906379	8.90232202897639e-05	0.000227431770468859
vm_msaldototal_rank_delta2	0.000123108209656773	0.00185605579534481	0.00126836948915325
vmr_mconsumosdolares	0.000120791460293713	0.000861795392556	0.000647305808257523
Visa_msaldopesos_rank_lag1	0.000119810836245199	0.000463274044657562	0.000813505948215535
mtarjeta_visa_consumo_rank_tend3	0.000119455175412738	0.000531719279433065	0.000752274317704689
Visa_fultimo_cierre_lag2	0.000118797662433658	0.000350565304701613	0.000839748075577327
mpayroll_rank_lag2	0.000117722923634769	0.000480791193442567	0.000498600419874038
ctransferencias_recibidas_tend3	0.000116759282522592	0.00156001293775679	0.00103219034289713
vm_cconsumos	0.000116384205056044	0.000706580622492214	0.000761021693491952
Visa_mconsumosdolares_rank_lag1	0.00011585498702476	0.000613872798038331	0.000935969209237229
Master_fultimo_cierre_lag2	0.000115483661961358	0.000335221777842757	0.000935969209237229
vmr_msaldopesos2_delta1	0.000115270579311008	0.00292551299627296	0.00156578026592022
vmr_Visa_mlimitecompra_lag1	0.000113987316112984	0.000829937860150112	0.000953463960811756
ctransferencias_recibidas_delta2	0.000113287503185899	0.000616112245578905	0.000909727081875437
vm_fultimo_cierre_lag2	0.000113129347974669	0.000344268398168273	0.000927221833449965
Master_msaldototal_rank_delta2	0.000113018295463295	0.00155947600796517	0.000883484954513646
ctarjeta_visa_transacciones_lag1	0.000112387782269806	0.000993018917934271	0.00096221133659902
ctarjeta_debito_delta2	0.000111896691109259	0.00196710023770767	0.000656053184044787
mextraccion_autoservicio_rank_lag2	0.000111837361158056	0.00112520167865581	0.000970958712386284
catm_trx_other_avg3	0.000111455602402258	0.000554359849169454	0.000717284814555633
mcuenta_debitos_automaticos_rank_lag1	0.000111124872883939	0.000891922185884572	0.000909727081875437
Visa_msaldototal_rank_lag1	0.000110975676017217	0.00043568318584174	0.000682295311406578
mextraccion_autoservicio_rank_delta2	0.000110150576232769	0.00126328896438629	0.000970958712386284
Master_status	0.000109075697955212	0.000286247158435067	0.000139958012596221
vmr_Visa_mlimitecompra	0.000108267246027188	0.000439719198074055	0.000865990202939118
cseguro_accidentes_personales_lag2	0.000107880301908183	0.00100063367717862	0.00070853743876837
Visa_mconsumospesos_rank_delta1	0.000107605513328005	0.000428333721575065	0.000883484954513646
vm_msaldopesos_rank_delta1	0.000107288261435598	0.000369001150105316	0.000717284814555633
vm_fultimo_cierre_lag1	0.000106693791641947	0.000301472510745628	0.000769769069279216
mautoservicio_rank_delta1	0.00010631009855433	0.00137058384643388	0.000979706088173548
Master_fultimo_cierre_lag1	0.000105652046487322	0.000362823794770435	0.000831000699790063
vm_mlimitecompra_rank_lag2	0.000105410737448069	0.000331673715638332	0.000839748075577327
mplazo_fijo_dolares_rank_delta2	0.000104671029462786	0.00168371922868655	0.000979706088173548
ctarjeta_visa_transacciones_avg3	0.000104622962347658	0.000423103791374148	0.000796011196641008
mpayroll_sobre_edad_rank_lag2	0.000103888668909667	0.000355528418364153	0.000542337298810357
Master_msaldopesos_rank_lag1	0.000102887148653668	0.000910515223000431	0.00066480055983205
vmr_msaldopesos_avg3	0.000102250910448594	0.000369430302680146	0.000673547935619314
vmr_Master_mlimitecompra	0.000101878470872171	0.000412301724723634	0.00077851644506648
vm_msaldopesos_rank_lag2	0.000101046713916321	0.000520636376149083	0.000699790062981106
vmr_mpagospesos_delta1	0.000100977720583745	0.00182891017417415	0.0010146955913226
Visa_msaldototal_rank_lag2	0.000100902418297103	0.000405509224131231	0.000699790062981106
mpayroll_sobre_edad_rank_delta1	0.000100201634269887	0.00211660256168804	0.0010146955913226
Master_status_avg3	0.000100000070515556	0.00125453509958645	0.000516095171448565
vmr_mpagospesos_delta2	9.93849697001362e-05	0.000456256244397519	0.00066480055983205
mtarjeta_visa_consumo_rank_lag1	9.90675733661159e-05	0.000792123526256679	0.000796011196641008
vmr_msaldopesos_delta1	9.87359855975155e-05	0.00052867637538358	0.000769769069279216
vmr_msaldopesos2_tend3	9.83847577221866e-05	0.000736127773646443	0.000865990202939118
Visa_fultimo_cierre_lag1	9.78151179410772e-05	0.000374752540897328	0.000761021693491952
vmr_msaldopesos2_delta2	9.7339834689837e-05	0.000417439165770108	0.000787263820853744
mautoservicio_rank_lag1	9.70709303189557e-05	0.000474056331018876	0.000865990202939118
Master_cconsumos_tend3	9.69592599393523e-05	0.00167905952147464	0.000857242827151855
vmr_msaldototal_delta2	9.47111038165864e-05	0.0015136328329491	0.000874737578726382
cseguro_accidentes_personales_avg3	9.38448232098166e-05	0.000785445360083165	0.000621063680895731
vmr_Visa_mlimitecompra_lag2	9.34634391526859e-05	0.000524975468783307	0.000717284814555633
tcallcenter_delta2	9.28443230639537e-05	0.000249659130016729	0.000166200139958013
Master_fechaalta_delta2	9.04997537609706e-05	4.73975579618463e-05	0.000122463261021694
Master_mpagominimo_rank_lag2	9.00777782847125e-05	0.000582192128950889	0.000682295311406578
vm_msaldopesos_rank_lag1	8.97418938998575e-05	0.000731171072275456	0.000717284814555633
Visa_cconsumos_tend3	8.94600003033204e-05	0.000372507369390282	0.00066480055983205
cproductos_lag1	8.90860019196756e-05	0.000301554819934385	0.000621063680895731
Visa_mconsumosdolares_rank_delta1	8.89338367988204e-05	0.00112197397743561	0.000813505948215535
cinversion1_avg3	8.75790225484649e-05	0.00216812742552466	0.000831000699790063
ctarjeta_debito_transacciones_delta2	8.72953672133463e-05	0.000581749789516593	0.000612316305108468
vm_mpagominimo_rank_delta1	8.71454365497497e-05	0.000522460944803371	0.000769769069279216
ccomisiones_otras_delta2	8.7113500658048e-05	0.000193968269190198	0.000656053184044787
cmobile_app_trx_delta1	8.67948745091821e-05	0.000884728210631165	0.000691042687193842
ctarjeta_master_transacciones_avg3	8.60271558682468e-05	0.00110122445406538	0.000629811056682995
vmr_msaldototal_lag1	8.58280220101823e-05	0.000456100972750066	0.000577326801959412
vm_Finiciomora_tend3	8.5403786749422e-05	0.000335001767409958	0.000166200139958013
cpagomiscuentas_avg3	8.52480700403385e-05	0.000488571621665867	0.00070853743876837
vm_mpagospesos_rank_lag2	8.49226428499696e-05	0.000302213076078623	0.000673547935619314
vmr_Master_mlimitecompra_lag1	8.48070532333596e-05	0.000421951825007913	0.00066480055983205
vm_mpagominimo_rank_delta2	8.46873308256165e-05	0.000517678824409769	0.000769769069279216
Master_fultimo_cierre_tend3	8.43842217854978e-05	0.000124152941452727	0.000358642407277817
vm_mfinanciacion_limite_rank_lag2	8.39044223058386e-05	0.000239415077641929	0.000568579426172148
vm_msaldototal_rank_lag2	8.37339962460382e-05	0.000236659929704368	0.000393631910426872
ccuenta_debitos_automaticos_lag2	8.3577218860458e-05	0.00105666402718113	0.000796011196641008
vm_mconsumototal_rank_lag2	8.3357195413398e-05	0.000559549747832706	0.000577326801959412
vmr_msaldototal_delta1	8.31332931998257e-05	0.00153436359040393	0.000831000699790063
Master_msaldototal_rank_delta1	8.29665895110849e-05	0.000690650316614744	0.000559832050384885
Master_mpagominimo_rank_delta2	8.26439669303992e-05	0.00237582734536977	0.000988453463960812
ctarjeta_visa_debitos_automaticos_lag1	8.14698163221661e-05	0.000643440381579206	0.000691042687193842
matm_rank_delta2	8.11797377193207e-05	0.00137016462023128	0.000822253324002799
vmr_mconsumospesos_delta1	8.05698353787224e-05	0.00075800672979338	0.000717284814555633
Visa_mconsumototal_rank_lag1	8.05634845198485e-05	0.000220772010160897	0.00059482155353394
ccomisiones_mantenimiento	8.05230716782523e-05	7.64999062025388e-05	0.000192442267319804
Master_fultimo_cierre_delta2	8.0484977144089e-05	0.000136547031562709	0.000358642407277817
ctarjeta_debito_transacciones_lag1	7.98833213894023e-05	0.000414348622379419	0.000603568929321204
mpagomiscuentas_rank_lag1	7.9765139288453e-05	0.00054462327351829	0.000612316305108468
Visa_mconsumototal_rank_delta1	7.97174847043096e-05	0.000367886788025142	0.000682295311406578
cdescubierto_preacordado_lag1	7.93373027123032e-05	0.000222567415568289	0.000358642407277817
matm_other_rank_delta2	7.92308168183577e-05	0.0018516425447399	0.000839748075577327
vmr_msaldopesos_delta2	7.91596150600187e-05	0.000388054821611598	0.00059482155353394
Master_msaldopesos_rank_delta2	7.81656207821026e-05	0.000782892833313173	0.000586074177746676
Visa_fechaalta_delta2	7.81442717704033e-05	0.000118492482026816	0.000201189643107068
cprestamos_personales_lag1	7.75151273173513e-05	0.000386941618815772	0.000393631910426872
vmr_msaldopesos_lag1	7.70933506538716e-05	0.000434182274886551	0.000568579426172148
mcomisiones_mantenimiento_rank_delta1	7.68921835516814e-05	0.000358706270357353	0.000428621413575927
Master_mpagominimo_rank_lag1	7.66260894023722e-05	0.000691487537280311	0.000638558432470259
cpagomiscuentas_delta2	7.65682914894611e-05	0.00202714258101991	0.000691042687193842
vmr_msaldototal_avg3	7.65307529821334e-05	0.000368684629250489	0.000559832050384885
ctarjeta_visa_debitos_automaticos_delta2	7.64396062314758e-05	0.000767446093919649	0.00059482155353394
cproductos_lag2	7.61612983259004e-05	0.000245639528903476	0.000533589923023093
Visa_mpagado_rank_delta2	7.59944389348969e-05	0.000872320788751173	0.00066480055983205
Visa_cconsumos_delta1	7.59272079750982e-05	0.000384783538545421	0.000682295311406578
vmr_mconsumospesos_delta2	7.42109902633466e-05	0.000628580892163563	0.000638558432470259
ctarjeta_debito_tend3	7.38643266456511e-05	0.00279218533357418	0.000909727081875437
mextraccion_autoservicio_rank_lag1	7.36315620870056e-05	0.000702864645195409	0.000638558432470259
ccallcenter_transacciones	7.24978865083569e-05	0.000614794175502085	0.000358642407277817
ctarjeta_debito	7.21083985887015e-05	0.000348580138937396	0.000586074177746676
catm_trx_lag2	7.19761149447917e-05	0.00158325908865483	0.000743526941917425
Visa_Fvencimiento_tend3	7.16893368847957e-05	0.000167561257060201	0.000236179146256123
vm_mconsumospesos_rank_lag1	7.14597775922527e-05	0.000259978101142564	0.000524842547235829
Master_cconsumos_avg3	7.1363528727552e-05	0.000795819868174829	0.000603568929321204
ctarjeta_debito_transacciones_lag2	7.09592966704742e-05	0.000193680947809903	0.000551084674597621
vmr_msaldodolares2_avg3	6.99584024885249e-05	0.00050683045884058	0.000568579426172148
mttarjeta_visa_debitos_automaticos_rank_delta1	6.98645388351492e-05	0.000331084907872107	0.000568579426172148
Master_cconsumos	6.9517254126629e-05	0.00039647492120192	0.000498600419874038
vmr_msaldopesos_tend3	6.92964515930553e-05	0.000378758955151115	0.000542337298810357
Master_msaldopesos_rank_delta1	6.91035914285489e-05	0.000702323694136203	0.00059482155353394
vmr_mpagado	6.8181660057377e-05	0.000933737499886408	0.000551084674597621
Master_mpagospesos_rank_lag1	6.74633283099348e-05	0.00098033975255742	0.00066480055983205
Master_msaldototal_rank_lag2	6.70957502258362e-05	0.000445045457558822	0.000472358292512246
mtarjeta_master_consumo_rank_lag1	6.68496824633576e-05	0.00195599643107778	0.000699790062981106
vmr_mpagado_lag2	6.62216496510126e-05	0.000628673272635099	0.00048110566829951
vmr_mconsumototal_lag2	6.61259611713951e-05	0.000259113383701351	0.000419874037788663
ccajas_depositos_avg3	6.57259511665621e-05	0.00160288294692248	0.000699790062981106
vmr_msaldototal_lag2	6.5548596702666e-05	0.000443759122891047	0.000533589923023093
matm_other_rank_lag2	6.52536904134123e-05	0.000614860290937596	0.000629811056682995
mcheques_emitidos_rank_lag2	6.41604651915788e-05	0.00488577664435534	0.00155703289013296
catm_trx_avg3	6.40068176028884e-05	0.000780837856894584	0.000559832050384885
ccajas_consultas	6.36375826878709e-05	0.000778098033247008	0.000419874037788663
tcallcenter	6.29926796083675e-05	0.000170731465022226	0.000166200139958013
Master_mpagospesos_rank_delta2	6.28470179809146e-05	0.00123323506106114	0.000586074177746676
ccajas_depositos	6.26035933849163e-05	0.00126758306229673	0.000524842547235829
Visa_Fvencimiento_delta2	6.25551802905705e-05	7.65201936786408e-05	0.000139958012596221
vmr_mpagospesos_tend3	6.20946514842661e-05	0.000209541913992267	0.000428621413575927
Master_mpagospesos_rank	6.18815865508185e-05	0.000300911127299777	0.000323652904128761
ccuenta_debitos_automaticos_avg3	6.11897763985143e-05	0.000170723096438334	0.000454863540937719
ccomisiones_otras_delta1	6.01462737271297e-05	0.000392585667122622	0.000507347795661302
tcallcenter_tend3	5.94642197957191e-05	0.000163167714289224	0.000104968509447166
ccajas_consultas_delta1	5.90398811169171e-05	0.000598304080194743	0.000236179146256123
vm_mconsumospesos_rank_delta1	5.90154385901853e-05	0.000670022735466942	0.000612316305108468
vm_mconsumototal_rank_delta2	5.89018155534756e-05	0.000240638774727239	0.000446116165150455
Visa_fultimo_cierre_tend3	5.88314450921277e-05	0.000192560644397442	0.000376137158852344
matm_other_rank	5.87020188657019e-05	0.00117249982798475	0.000533589923023093
vm_mpagado_rank_delta2	5.86969323779302e-05	0.000295290518273352	0.000384884534639608
vm_mconsumototal_rank_delta1	5.74422668568352e-05	0.000446751634299	0.000524842547235829
mtarjeta_visa_consumo_rank_lag2	5.73752247028066e-05	0.000764629793732696	0.000559832050384885
vmr_mconsumototal_lag1	5.72687731733844e-05	0.000154724429011928	0.000367389783065081
cpagomiscuentas	5.6771891457928e-05	0.000330954198561793	0.000367389783065081
tcuentas_avg3	5.67348241575333e-05	0.00356300204673764	0.0011371588523443
vm_cconsumos_tend3	5.64102845231572e-05	0.000496501054155608	0.000349895031490553
vm_mpagospesos_rank_delta1	5.60005073170068e-05	0.000288862576380975	0.000489853044086774
vm_mconsumototal_rank	5.49683699373843e-05	0.000666850353846762	0.000437368789363191
ctransferencias_emitidas	5.4855453526715e-05	0.000290573933673087	0.000367389783065081
vmr_mconsumototal_avg3	5.44432029450641e-05	0.000315125656113556	0.000446116165150455
Visa_delinquency_lag1	5.40766903049869e-05	0.000222325451188137	0.000174947515745276
cseguro_vida_avg3	5.38498626528228e-05	0.000753986150533958	0.000393631910426872
mpagomiscuentas_rank_lag2	5.38345720918266e-05	0.000247365558388126	0.000437368789363191
Master_delinquency	5.37351956425445e-05	0.000284474069251388	0.000174947515745276
mpagomiscuentas_rank_delta1	5.28633271725583e-05	0.000811010550637837	0.000489853044086774
Visa_mconsumosdolares_rank_delta2	5.27791836176896e-05	0.000454698854557967	0.000472358292512246
Master_Fvencimiento_delta2	5.2398282565548e-05	5.80830440800449e-05	0.000148705388383485
vm_mconsumospesos_rank_delta2	5.11700216527247e-05	0.000170348502683165	0.000376137158852344
vmr_mconsumototal	5.10739138669284e-05	0.000338177626883184	0.000437368789363191
ctransferencias_recibidas_delta1	5.09862736029059e-05	0.000165565693964481	0.000402379286214136
Master_mconsumototal_rank_delta1	5.07716729121844e-05	0.000136745667690329	0.000376137158852344
ctarjeta_debito_transacciones_tend3	5.05702861190165e-05	0.000331043028725011	0.000358642407277817
matm_other_rank_lag1	5.01279940821884e-05	0.000402240839275926	0.000358642407277817
vmr_msaldototal_tend3	5.0026642660983e-05	0.000449339229420539	0.000419874037788663
Master_msaldopesos_rank_lag2	4.94408740236175e-05	0.000263083606546878	0.000349895031490553
ccuenta_debitos_automaticos_delta2	4.89389859280754e-05	0.000557113221952855	0.000244926522043387
ccaja_seguridad_lag1	4.83505772251484e-05	8.21458021188196e-05	4.37368789363191e-05
ccuenta_debitos_automaticos	4.8307650773537e-05	0.000172048919229236	0.000332400279916025
cprestamos_personales_delta1	4.78406541878615e-05	0.000190322899555755	6.12316305108468e-05
cextraccion_autoservicio_delta1	4.78146753752064e-05	0.00167089855816389	0.000691042687193842
ccajas_otras_lag1	4.75086549594027e-05	0.00160478199959617	0.000629811056682995
cmobile_app_trx_tend3	4.67088543222342e-05	0.0001828752583958	0.000349895031490553
vm_status04_avg3	4.65686673763017e-05	1.64924863313109e-05	4.37368789363191e-05
ccajas_extracciones_lag2	4.58763181286952e-05	0.000845353335093857	0.000402379286214136
mextraccion_autoservicio_rank_delta1	4.58712012364322e-05	0.000992144527714274	0.000533589923023093
Master_mpagospesos_rank_delta1	4.55873414545232e-05	0.000919054583968124	0.000559832050384885
cseguro_vivienda_avg3	4.532634788539e-05	0.000216065822892134	0.00029741077676697
vm_fultimo_cierre_delta1	4.52435130722331e-05	0.000134670512478545	0.000349895031490553
vm_status04_lag2	4.52062303077524e-05	3.03732499355756e-06	8.74737578726382e-06
cpagomiscuentas_lag1	4.50515015750257e-05	0.000219010658731248	0.000402379286214136
Master_mconsumospesos_rank_delta1	4.50512327684978e-05	0.000274536828724994	0.000393631910426872
vmr_mconsumospesos_tend3	4.4803226540871e-05	0.000355478967641155	0.000393631910426872
Master_mconsumospesos_rank_lag2	4.47220797189964e-05	0.000319196157055244	0.000376137158852344
Master_mconsumospesos_rank_lag1	4.45015201853735e-05	0.00027919099310861	0.000332400279916025
cextraccion_autoservicio_delta2	4.37337503958688e-05	0.000409752820717232	0.000341147655703289
ctarjeta_debito_lag2	4.32833032262696e-05	0.000125596322922113	0.000341147655703289
Master_mpagominimo_rank_delta1	4.28743511005238e-05	0.000256454130316009	0.000367389783065081
ctarjeta_master	4.23708990947012e-05	1.57839462284483e-05	5.24842547235829e-05
Visa_fultimo_cierre_delta2	4.17323161082368e-05	0.000115530582971195	0.000244926522043387
Visa_status_avg3	4.1478256739447e-05	0.000464070871509104	0.000201189643107068
cextraccion_autoservicio_lag2	4.10934938384996e-05	0.000122589030638713	0.000306158152554234
cextraccion_autoservicio_lag1	4.10340355734121e-05	0.000160254831224971	0.000314905528341498
mv_status07_rank_delta1	4.01074801237886e-05	0.00142619906395665	0.000577326801959412
ctarjeta_master_lag2	4.00173569639652e-05	3.04493279709581e-06	8.74737578726382e-06
mextraccion_autoservicio_rank	3.98714166667763e-05	0.000435710573934478	0.000358642407277817
ccomisiones_otras_tend3	3.95100266930869e-05	0.00038289904938136	0.000358642407277817
mttarjeta_master_debitos_automaticos_rank_lag1	3.90414552093328e-05	0.000301510332397504	0.000323652904128761
ctarjeta_master_lag1	3.87483193069428e-05	3.04493279709581e-06	8.74737578726382e-06
Master_fultimo_cierre_delta1	3.8562817678273e-05	9.51254032801603e-05	0.000262421273617915
vmr_msaldodolares_avg3	3.82682290562209e-05	0.000229952238007599	0.000332400279916025
Master_mconsumototal_rank_lag2	3.79784860974263e-05	0.000380759662571132	0.000306158152554234
vm_status03_delta1	3.79118026839478e-05	0.000231331134285089	7.87263820853744e-05
mcuenta_debitos_automaticos_rank_delta1	3.7687745077836e-05	0.000580525802610196	0.000402379286214136
cforex_avg3	3.76701307671283e-05	0.000947240228110093	0.000463610916724983
ctransferencias_emitidas_delta2	3.73168877738536e-05	0.000218388195491276	0.000244926522043387
ccajas_depositos_lag1	3.73130936355106e-05	0.000895311208767413	0.000367389783065081
Visa_fultimo_cierre_delta1	3.72371778315132e-05	0.000105077424682	0.000288663400979706
Visa_Finiciomora_lag1	3.72109405917436e-05	0.000839220322385313	0.000306158152554234
Master_mconsumospesos_rank	3.66495543358198e-05	0.000126169842625989	0.000244926522043387
Visa_mpagado_rank	3.62683536643038e-05	0.000232010837189778	0.000209937018894332
Visa_status_delta2	3.57452344436009e-05	0.000761362966665734	0.00029741077676697
mtarjeta_master_consumo_rank_avg3	3.5490408760691e-05	6.14907966506436e-05	0.000122463261021694
Visa_msaldodolares_rank	3.54826289275982e-05	0.000539677150616985	0.000349895031490553
cseguro_vida_lag2	3.48820170579877e-05	0.00045661819470776	0.000279916025192442
vm_mpagado_rank	3.44635627654666e-05	0.00076461845448266	0.000376137158852344
thomebanking_lag1	3.41283686097598e-05	7.75208734373723e-05	0.000244926522043387
Visa_mpagosdolares_rank_lag1	3.38888556699247e-05	0.000757713068576804	0.000323652904128761
cforex_buy_delta2	3.3838766943726e-05	0.00229969293978579	0.000734779566130161
vmr_mconsumosdolares_lag1	3.37417006732567e-05	0.000560213148301241	0.000384884534639608
ccajas_transacciones_tend3	3.37380132882408e-05	0.000746437289359309	0.0004111266620014
vm_mconsumosdolares_rank_lag2	3.35584821046472e-05	0.000204437766143182	0.000244926522043387
vm_mpagado_rank_lag1	3.35061977656376e-05	0.00107278286167581	0.000437368789363191
vmr_mconsumosdolares_lag2	3.32666341196948e-05	0.000176277517573976	0.000244926522043387
cinversion2_lag1	3.21866912930908e-05	0.0024724307275116	0.000787263820853744
vmr_mconsumototal_delta2	3.20724332796342e-05	0.000325653189739246	0.000288663400979706
Visa_mpagado_rank_lag2	3.17947027127984e-05	0.000543031250058821	0.000358642407277817
Master_cconsumos_lag1	3.10698977510809e-05	0.000123404695860922	0.000209937018894332
Master_mpagado_rank_lag2	3.09764711134124e-05	0.00061618397629798	0.000288663400979706
cpayroll_trx_delta2	3.04281167401367e-05	0.000129092507151935	8.74737578726382e-05
ctarjeta_visa_descuentos_avg3	3.02829941784888e-05	0.000735059493119129	0.000349895031490553
ctransferencias_emitidas_lag2	3.01931320710524e-05	0.000262350033147611	0.000288663400979706
tcuentas_lag2	2.95414031648179e-05	0.00259149676546993	0.000839748075577327
vm_mpagado_rank_lag2	2.9228973514697e-05	0.000545986338318894	0.00029741077676697
ctransferencias_emitidas_delta1	2.90285138054807e-05	0.000384969422545206	0.000236179146256123
vmr_mconsumototal_delta1	2.88717405200454e-05	0.000230146381908368	0.000236179146256123
tcallcenter_lag2	2.88604483082029e-05	0.000119046728628395	0.000209937018894332
vm_mconsumototal_rank_lag1	2.88272743313095e-05	9.84659173585352e-05	0.000201189643107068
vm_status05_delta1	2.87170658008274e-05	0.000402859027654863	0.000174947515745276
matm_rank_lag2	2.83984042845251e-05	0.000191327745492614	0.000244926522043387
vm_status02_delta1	2.82415943337658e-05	5.32230704969016e-05	6.12316305108468e-05
ctarjeta_master_descuentos_avg3	2.74046727993452e-05	0.00176988332772373	0.000577326801959412
matm_rank_delta1	2.72166656779882e-05	0.000166648465546154	0.000218684394681596
ccuenta_debitos_automaticos_lag1	2.67582980628202e-05	0.000168088731438853	0.000236179146256123
vm_status02_tend3	2.67546952744021e-05	5.58310255498145e-05	0.000139958012596221
ctransferencias_emitidas_tend3	2.62905470209975e-05	0.000161216457592206	0.000148705388383485
Master_mconsumototal_rank_delta2	2.59541722595575e-05	0.000136125523019054	0.000209937018894332
ccajas_transacciones_lag1	2.58225472567198e-05	0.000149735666183172	0.000192442267319804
vm_Finiciomora_lag2	2.5810711377471e-05	0.000506288529635205	0.00018369489153254
vmr_mconsumototal_tend3	2.52723361372798e-05	0.000199919201800727	0.000218684394681596
active_quarter_lag2	2.52176966927748e-05	0.000117233752817594	7.87263820853744e-05
cliente_edad_delta2	2.51653232419843e-05	0.000196287816033739	0.000227431770468859
Master_mconsumototal_rank_lag1	2.51484032716313e-05	0.000185327869345989	0.000192442267319804
matm_rank_lag1	2.495455196348e-05	0.000268236299428065	0.000236179146256123
cpagomiscuentas_tend3	2.45119361663843e-05	0.000621477775820983	0.000218684394681596
mtarjeta_master_consumo_rank_lag2	2.4429937517297e-05	0.000269181224855152	0.000209937018894332
ctarjeta_debito_lag1	2.43578579002502e-05	0.000162244380533131	0.000201189643107068
ctarjeta_master_transacciones_delta2	2.41904537799323e-05	0.000116412725905273	6.12316305108468e-05
catm_trx_other_lag1	2.41017139617807e-05	9.96916069638195e-05	0.000148705388383485
ctransferencias_emitidas_lag1	2.41013022364453e-05	0.000125957874728359	0.00018369489153254
cpagomiscuentas_lag2	2.39270157427945e-05	0.000198601783821353	0.000209937018894332
catm_trx_other_lag2	2.30350348529927e-05	0.00015662453228706	0.000218684394681596
ccajas_transacciones_delta2	2.26598757006463e-05	0.000455862341312417	0.000236179146256123
ccajas_extracciones_lag1	2.24345389673355e-05	0.000332464601157587	0.000174947515745276
vmr_mpagado_delta2	2.23390532015334e-05	0.000242449576879886	0.000174947515745276
vm_mconsumosdolares_rank_lag1	2.21099778735682e-05	0.000175216265208026	0.00018369489153254
vm_status03_delta2	2.1927617531043e-05	0.0004326762558347	0.000157452764170749
Master_cconsumos_delta1	2.17842236892743e-05	6.00603122196367e-05	0.000139958012596221
thomebanking_lag2	2.15601974168232e-05	4.93701527364074e-05	0.000166200139958013
vm_status01_delta1	2.13705897880747e-05	6.39901050235031e-05	5.24842547235829e-05
ctarjeta_master_debitos_automaticos_avg3	2.13691751791114e-05	0.000119768129542001	0.000166200139958013
vmr_mconsumosdolares_delta1	2.10594600313539e-05	0.000384822265888194	0.000218684394681596
cdescubierto_preacordado_lag2	2.09983503223183e-05	7.37141096850103e-05	9.6221133659902e-05
ccaja_ahorro_lag1	2.09136272302285e-05	0.00051372124500917	0.000209937018894332
Master_mconsumospesos_rank_delta2	2.08925105404051e-05	9.13346883705004e-05	0.000139958012596221
Visa_mpagosdolares_rank_lag2	2.0703520529157e-05	0.000120517425735247	0.000148705388383485
vm_status03_tend3	2.04037831281041e-05	0.000373023903022893	0.000131210636808957
Master_mpagado_rank_delta2	2.03860273771483e-05	0.000514914474652691	0.000201189643107068
cextraccion_autoservicio	2.03327405969725e-05	0.000115407517692054	0.000201189643107068
ccajas_otras_avg3	2.02461032976958e-05	0.000392858280082743	0.000227431770468859
ccomisiones_mantenimiento_lag1	2.01311771818618e-05	8.32362539593024e-05	0.000157452764170749
Master_cconsumos_lag2	2.01098257513721e-05	0.000191517360938896	0.00018369489153254
thomebanking_delta1	1.99599386149426e-05	0.000281771378930606	0.000201189643107068
vmr_mpagado_tend3	1.97171285613362e-05	0.000235638672648448	0.00018369489153254
mv_status07_rank_lag2	1.96139294570563e-05	0.00133036443224855	0.000446116165150455
ctarjeta_visa_delta2	1.94533962798115e-05	0.000262336049280155	0.000104968509447166
vm_status03_avg3	1.90535662020178e-05	1.77701263664707e-05	6.12316305108468e-05
Master_fechaalta_delta1	1.89849978575664e-05	3.6847671884808e-05	0.000104968509447166
ccajas_transacciones	1.88914249236329e-05	0.000111106681441337	0.000166200139958013
vmr_mconsumosdolares_delta2	1.86546822842655e-05	0.000379386381577205	0.000201189643107068
cextraccion_autoservicio_tend3	1.84997904933508e-05	0.000253145279191408	0.000166200139958013
catm_trx	1.84941191671142e-05	0.000233142008893009	0.000148705388383485
vm_mconsumosdolares_rank_delta1	1.82944529981596e-05	0.000247263722503621	0.000192442267319804
mpagomiscuentas_rank_delta2	1.82535228985883e-05	0.000200921837851797	0.00018369489153254
mforex_sell_rank	1.81276430301249e-05	0.000738907628831685	0.000279916025192442
mtarjeta_master_consumo_rank_delta2	1.80552524657631e-05	0.000664367673958779	0.000262421273617915
Visa_mpagado_rank_delta1	1.77692096369546e-05	9.37057509122865e-05	0.000122463261021694
vmr_mconsumosdolares_tend3	1.75764412389992e-05	0.000190645868929771	0.000157452764170749
cseguro_accidentes_personales	1.68665543740417e-05	0.000130994566719405	0.000148705388383485
Visa_delinquency_tend3	1.67923434043676e-05	5.44942982405076e-05	6.12316305108468e-05
ctarjeta_visa_debitos_automaticos_delta1	1.63515640296967e-05	6.99401681707704e-05	0.00011371588523443
ccallcenter_transacciones_lag1	1.59831377318224e-05	0.000237273734539362	0.00018369489153254
Visa_mpagado_rank_lag1	1.58146471726769e-05	8.8254288717862e-05	0.000131210636808957
Visa_delinquency_delta2	1.56959776541051e-05	8.45618593843891e-05	8.74737578726382e-05
Master_delinquency_avg3	1.56919371531027e-05	2.96569933462671e-05	5.24842547235829e-05
vm_Fvencimiento_delta1	1.56580814017662e-05	5.3476519037633e-05	0.000122463261021694
mttarjeta_master_debitos_automaticos_rank	1.5572598337507e-05	0.000175907597183838	0.000104968509447166
matm_rank	1.51676075379344e-05	9.49986790097946e-05	0.00018369489153254
Master_status_tend3	1.50470161686503e-05	0.00029494023326187	9.6221133659902e-05
ccuenta_debitos_automaticos_tend3	1.46147756553235e-05	0.000109892765817719	6.99790062981106e-05
catm_trx_lag1	1.36620061140502e-05	7.61940725003011e-05	0.00011371588523443
vm_status02_delta2	1.34511455836522e-05	2.21883039298569e-05	5.24842547235829e-05
Visa_msaldodolares_rank_lag1	1.33293679488126e-05	8.85831631965299e-05	9.6221133659902e-05
cpagodeservicios_avg3	1.29801014765824e-05	0.000481905120791111	0.000174947515745276
cpayroll_trx_tend3	1.29641143924207e-05	6.44331327828807e-05	3.49895031490553e-05
Master_cconsumos_delta2	1.26058790745926e-05	3.95108016271912e-05	7.87263820853744e-05
cseguro_vivienda	1.24898064815691e-05	0.000239609656274328	0.000148705388383485
vm_msaldodolares_rank	1.24600820243704e-05	0.000371712933562708	0.000166200139958013
ctarjeta_master_debitos_automaticos	1.24546703936384e-05	0.000121052073185807	7.87263820853744e-05
Visa_msaldodolares_rank_delta1	1.21267669443937e-05	0.000137685666158934	8.74737578726382e-05
mttarjeta_master_debitos_automaticos_rank_lag2	1.1885225539019e-05	0.000101138611196795	8.74737578726382e-05
cliente_edad_tend3	1.18778890377737e-05	0.000134244258114588	0.000131210636808957
Visa_msaldodolares_rank_delta2	1.11294554428231e-05	0.000192685774651828	0.000122463261021694
vm_status06_delta1	1.06201475157539e-05	0.000254226420529465	9.6221133659902e-05
cseguro_accidentes_personales_lag1	1.05800726706297e-05	4.36219499763551e-05	6.12316305108468e-05
ctarjeta_master_transacciones_tend3	1.05736950870708e-05	0.000129502277941559	6.12316305108468e-05
thomebanking_delta2	1.04368298336557e-05	0.000107875611051005	8.74737578726382e-05
vm_status02	1.04182102205296e-05	3.29775097696271e-05	4.37368789363191e-05
vmr_Visa_mlimitecompra_tend3	1.03180544487543e-05	0.000664255513198044	0.000218684394681596
mtarjeta_master_consumo_rank_tend3	1.01433722026345e-05	0.000250228882046473	0.000131210636808957
cseguro_vivienda_lag1	1.01222458376491e-05	5.22630381456459e-05	6.12316305108468e-05
ccajas_depositos_delta1	9.9390831056287e-06	0.000385122122030509	0.000148705388383485
ccajas_extracciones	9.71260103077996e-06	0.000224793277745402	0.000131210636808957
Master_mpagosdolares_rank_lag2	9.51955094697481e-06	4.07618143499671e-05	8.74737578726382e-05
mtarjeta_visa_descuentos_rank_delta1	9.12288467662478e-06	5.61536326474723e-05	6.99790062981106e-05
cseguro_vivienda_lag2	9.00022143999811e-06	2.34272890775152e-05	5.24842547235829e-05
vmr_Master_mlimitecompra_tend3	8.87715668415195e-06	1.74907750660732e-05	4.37368789363191e-05
vm_mpagosdolares_rank_lag1	8.84716539306696e-06	0.00043938738915688	0.000157452764170749
mcaja_ahorro_adicional_rank_lag2	8.60050367372571e-06	0.00104391519606045	0.000332400279916025
Visa_Fvencimiento_delta1	8.51611846011813e-06	5.51128126681676e-05	7.87263820853744e-05
active_quarter_avg3	8.46779509699963e-06	4.0601978020392e-05	6.12316305108468e-05
ctarjeta_visa_descuentos_tend3	8.37373109329124e-06	0.000851615028365106	0.000271168649405178
Master_mpagosdolares_rank	8.35629033080043e-06	1.24466926373041e-05	5.24842547235829e-05
Master_mconsumototal_rank	8.23095798837787e-06	5.27623274235706e-05	6.12316305108468e-05
vmr_mpagosdolares_delta2	8.22602359680628e-06	0.000284937456942139	0.000104968509447166
ccajas_depositos_delta2	8.17751879490443e-06	0.000547524998470688	0.00018369489153254
vmr_mpagado_lag1	7.99461814768161e-06	6.27710450755879e-05	7.87263820853744e-05
catm_trx_delta2	7.99459587711074e-06	0.000127482007598158	8.74737578726382e-05
ctarjeta_visa_descuentos_delta1	7.97793327196414e-06	4.1628017124251e-05	6.12316305108468e-05
Master_delinquency_lag1	7.9030614415353e-06	1.37743630376369e-05	2.62421273617915e-05
vm_mpagosdolares_rank_delta2	7.69491956526613e-06	0.000194284862500297	6.99790062981106e-05
Master_Fvencimiento_delta1	7.68897659705978e-06	1.5883065040261e-05	5.24842547235829e-05
vmr_msaldodolares2_lag2	7.65835213594645e-06	0.000106824683561285	7.87263820853744e-05
vm_fechaalta_delta1	7.65253067508986e-06	1.95308619263095e-05	6.12316305108468e-05
mtarjeta_visa_descuentos_rank_delta2	7.64758743428481e-06	8.25291991895116e-05	6.99790062981106e-05
mttarjeta_master_debitos_automaticos_rank_delta2	7.5444939824781e-06	0.000466479393426407	0.000166200139958013
vm_status01_delta2	7.5146115664621e-06	0.000111650132207419	5.24842547235829e-05
Master_mconsumosdolares_rank_lag1	7.34525054140589e-06	2.03711981685633e-05	6.12316305108468e-05
cplazo_fijo_avg3	7.33715231289317e-06	4.81856539531374e-05	3.49895031490553e-05
catm_trx_tend3	7.25604920623189e-06	0.000146708376244758	8.74737578726382e-05
ctarjeta_master_debitos_automaticos_lag1	7.21722242749729e-06	2.62673545936166e-05	6.99790062981106e-05
Visa_Finiciomora_tend3	7.14198533020871e-06	0.000278378153642002	9.6221133659902e-05
vmr_msaldodolares_lag2	7.05503203217954e-06	6.21320258060106e-05	6.99790062981106e-05
Visa_msaldodolares_rank_lag2	6.89429944483308e-06	2.14949794340709e-05	4.37368789363191e-05
mforex_sell_rank_lag2	6.85950773957108e-06	3.14230181409468e-05	5.24842547235829e-05
ccheques_emitidos_avg3	6.79405718654939e-06	9.73730020388114e-05	5.24842547235829e-05
Visa_mpagosdolares_rank	6.57774201077034e-06	1.36080057336004e-05	4.37368789363191e-05
ctarjeta_master_delta1	6.53869951722145e-06	0.000238211378211634	8.74737578726382e-05
ctarjeta_master_transacciones_lag1	6.53255617287214e-06	6.08330476933078e-05	5.24842547235829e-05
mtarjeta_visa_descuentos_rank_lag2	6.49767249457706e-06	4.39941164799193e-05	4.37368789363191e-05
vm_mconsumosdolares_rank_delta2	6.43497074944727e-06	3.45319289430357e-05	7.87263820853744e-05
ccheques_depositados_lag2	6.4328657822844e-06	2.82406739208957e-05	2.62421273617915e-05
ccajas_transacciones_lag2	5.8955824785071e-06	2.94612192018827e-05	5.24842547235829e-05
Master_mconsumosdolares_rank_lag2	5.56612371748714e-06	1.41784460884258e-05	4.37368789363191e-05
cforex_sell_avg3	5.30721113409407e-06	1.27105385095379e-05	3.49895031490553e-05
vm_mpagado_rank_delta1	5.1842377613321e-06	2.88786063613962e-05	3.49895031490553e-05
matm_other_rank_delta1	5.17497420676263e-06	4.41012778269009e-05	3.49895031490553e-05
vm_status03	5.12936118686793e-06	4.94003665847451e-06	2.62421273617915e-05
cpayroll_trx_delta1	5.0264940984531e-06	7.02750564369971e-05	4.37368789363191e-05
vmr_msaldodolares_delta1	5.02276806971033e-06	0.000168964063577383	6.99790062981106e-05
Visa_mpagosdolares_rank_delta2	5.02074121178145e-06	5.87144917737199e-06	2.62421273617915e-05
Master_mpagado_rank	4.87304679741329e-06	1.26707967929595e-05	2.62421273617915e-05
ccallcenter_transacciones_lag2	4.8007715975583e-06	5.48193325897705e-05	4.37368789363191e-05
cseguro_vida	4.70620234686557e-06	3.43386182778923e-05	4.37368789363191e-05
mplazo_fijo_dolares_rank_lag2	4.43330779762273e-06	6.2456516740735e-05	3.49895031490553e-05
ctarjeta_master_debitos_automaticos_lag2	4.28777442506013e-06	6.06683206328867e-05	4.37368789363191e-05
ccajas_consultas_lag2	4.1624103433869e-06	2.49671085136575e-05	3.49895031490553e-05
ctarjeta_visa_tend3	4.03875156799609e-06	9.85246423563233e-05	3.49895031490553e-05
Master_delinquency_tend3	3.99462020475686e-06	5.40842376297958e-06	1.74947515745276e-05
thomebanking_tend3	3.94441000808026e-06	4.81091049584882e-05	3.49895031490553e-05
cpagomiscuentas_delta1	3.82673414043614e-06	4.21774092226205e-05	3.49895031490553e-05
ccajas_extracciones_delta1	3.8228856383023e-06	0.000150223906032149	6.12316305108468e-05
Master_madelantopesos_rank	3.80635689256049e-06	1.70519859400955e-06	8.74737578726382e-06
ccajas_consultas_tend3	3.75897833260096e-06	6.2036710895967e-05	2.62421273617915e-05
ctarjeta_visa_descuentos_delta2	3.6420083978073e-06	2.17461456337409e-05	3.49895031490553e-05
Visa_fechaalta_delta1	3.57553749867036e-06	1.02671656065025e-05	3.49895031490553e-05
mtarjeta_master_consumo_rank_delta1	3.55787336677832e-06	3.92332979362244e-05	3.49895031490553e-05
mplazo_fijo_dolares_rank_lag1	3.45574456991097e-06	0.000138642510478231	5.24842547235829e-05
Master_mconsumosdolares_rank_delta1	3.43465138217669e-06	1.63152969641414e-05	4.37368789363191e-05
Master_mpagosdolares_rank_lag1	3.30897487094183e-06	6.11826806073444e-06	1.74947515745276e-05
mtarjeta_master_descuentos_rank_delta1	3.28305882884934e-06	1.95710383745186e-05	2.62421273617915e-05
vmr_Visa_mlimitecompra_delta2	3.24961781158762e-06	6.16603782142748e-05	2.62421273617915e-05
cinversion1_lag2	3.24200577470986e-06	0.000439543240446506	0.000139958012596221
mtarjeta_visa_descuentos_rank	3.09804637105644e-06	5.45114339122867e-05	3.49895031490553e-05
cplazo_fijo_lag1	3.02908140396143e-06	1.89553497024586e-05	1.74947515745276e-05
ccajas_depositos_tend3	3.01824163867697e-06	0.000211464333491112	6.99790062981106e-05
cforex_sell_lag2	2.97284145759569e-06	7.16879704645941e-06	1.74947515745276e-05
Master_status_delta2	2.91106696464517e-06	7.44691660723639e-06	1.74947515745276e-05
ctarjeta_master_transacciones_lag2	2.88176266905105e-06	6.82733708708111e-05	3.49895031490553e-05
vmr_mpagado_delta1	2.80783440288849e-06	4.60342033401555e-05	3.49895031490553e-05
vmr_mpagosdolares_lag1	2.7879552488668e-06	5.54222329063591e-05	2.62421273617915e-05
ccajeros_propios_descuentos_lag2	2.59476916709211e-06	2.39763913547976e-05	1.74947515745276e-05
Visa_madelantopesos_rank_delta1	2.54966238234615e-06	3.97688873053174e-06	8.74737578726382e-06
catm_trx_other	2.51621564258012e-06	2.00281586842599e-05	2.62421273617915e-05
mcajeros_propios_descuentos_rank_delta1	2.50821210086542e-06	1.63869190003087e-05	1.74947515745276e-05
Master_delinquency_delta2	2.49845422811493e-06	3.28740436415069e-06	1.74947515745276e-05
catm_trx_other_delta1	2.40172968024403e-06	2.69523105055106e-05	3.49895031490553e-05
vmr_msaldodolares_delta2	2.30900918928245e-06	2.74820672252243e-05	2.62421273617915e-05
Master_mpagosdolares_rank_delta2	2.29340439200609e-06	1.80583896652986e-06	8.74737578726382e-06
cforex_lag2	2.25356360910687e-06	9.48106213518562e-06	1.74947515745276e-05
Master_mpagado_rank_lag1	2.20125284038667e-06	6.69030243153923e-06	1.74947515745276e-05
Master_msaldodolares_rank_lag2	2.20091780840792e-06	6.1969544859015e-06	1.74947515745276e-05
catm_trx_other_tend3	2.18680723369854e-06	1.24961071326669e-05	8.74737578726382e-06
vm_msaldodolares_rank_delta2	2.03364655933047e-06	7.98332472090062e-05	3.49895031490553e-05
ccajas_consultas_lag1	2.02846093802099e-06	8.45295805608054e-06	8.74737578726382e-06
Master_mconsumosdolares_rank_delta2	1.99515708387788e-06	3.96283240780392e-06	1.74947515745276e-05
tcallcenter_lag1	1.982694531413e-06	1.48588373181968e-05	1.74947515745276e-05
catm_trx_delta1	1.89915446384691e-06	7.40011050165819e-05	4.37368789363191e-05
cforex	1.81823232400987e-06	2.99698552098687e-05	1.74947515745276e-05
catm_trx_other_delta2	1.78376194916348e-06	1.69974995757073e-05	2.62421273617915e-05
ccheques_emitidos_lag2	1.72345948195269e-06	1.51464122919428e-06	8.74737578726382e-06
ctarjeta_master_delta2	1.61108719590006e-06	2.6695420339369e-06	8.74737578726382e-06
Master_mpagado_rank_delta1	1.57704525669159e-06	5.91586425898102e-06	8.74737578726382e-06
Master_madelantopesos_rank_lag2	1.57324917151727e-06	6.39689480841396e-06	8.74737578726382e-06
Master_cadelantosefectivo_lag2	1.56893322337468e-06	3.0613801437928e-06	8.74737578726382e-06
Visa_status_delta1	1.53460008539052e-06	4.43056741486286e-06	8.74737578726382e-06
minversion2_rank_lag1	1.4528187439795e-06	8.24143575837199e-05	2.62421273617915e-05
vmr_Master_mlimitecompra_delta1	1.41291085439322e-06	5.31611574671545e-06	8.74737578726382e-06
vmr_msaldodolares_lag1	1.3896990790509e-06	8.9153313730268e-06	2.62421273617915e-05
vmr_Master_mlimitecompra_delta2	1.29217946442551e-06	6.40319841705994e-06	8.74737578726382e-06
cplazo_fijo_lag2	1.26519567382388e-06	5.93528227182152e-06	8.74737578726382e-06
vm_status05_lag2	1.26155462721976e-06	1.49478848472303e-06	8.74737578726382e-06
tcallcenter_delta1	1.23522355607805e-06	1.14664452652182e-05	8.74737578726382e-06
vmr_mpagosdolares_tend3	1.20114598395619e-06	4.58184677683922e-05	1.74947515745276e-05
cforex_buy_lag2	1.18611868765535e-06	1.65832003315956e-06	8.74737578726382e-06
Visa_cadelantosefectivo_avg3	1.15759595636032e-06	2.3001288307009e-06	8.74737578726382e-06
Master_msaldodolares_rank_lag1	1.1394735521649e-06	6.03726306686999e-06	8.74737578726382e-06
Master_mpagosdolares_rank_delta1	1.09323312161796e-06	2.6786351705469e-06	8.74737578726382e-06
ctarjeta_visa_descuentos_lag2	1.0874808838901e-06	2.25864818759947e-06	8.74737578726382e-06
mforex_sell_rank_lag1	1.05546305934813e-06	6.85502949196034e-06	8.74737578726382e-06
Visa_mpagosdolares_rank_delta1	1.03958611864546e-06	3.15419534695948e-06	8.74737578726382e-06
vm_status03_lag1	1.00447743384096e-06	1.56554105762877e-06	8.74737578726382e-06
vmr_msaldodolares_tend3	9.63990538909461e-07	6.12145609269332e-06	8.74737578726382e-06
ctarjeta_visa_descuentos_lag1	9.52049737249325e-07	1.67114099350331e-05	8.74737578726382e-06
ctarjeta_master_descuentos_delta2	9.05191453222287e-07	6.19666466481433e-06	8.74737578726382e-06
vmr_msaldodolares	8.69444915670065e-07	4.85602477083066e-06	8.74737578726382e-06
vm_mpagosdolares_rank_lag2	8.65815373069441e-07	2.6610068029197e-05	1.74947515745276e-05
Master_msaldodolares_rank_delta2	8.64679013503536e-07	3.61674980208523e-06	8.74737578726382e-06
ccajas_transacciones_delta1	8.61149821210336e-07	2.05031029908622e-05	8.74737578726382e-06
mcajeros_propios_descuentos_rank_delta2	8.22657425510699e-07	6.03990768429043e-06	8.74737578726382e-06
cforex_lag1	7.97689785265456e-07	8.29935287987963e-06	8.74737578726382e-06
vmr_msaldodolares2	6.53357666647463e-07	1.65601957828013e-05	8.74737578726382e-06
cforex_sell_lag1	6.50531752434689e-07	5.97984226397414e-06	8.74737578726382e-06
mtarjeta_master_descuentos_rank_lag1	5.95211831374227e-07	1.06230659015491e-05	8.74737578726382e-06
vmr_msaldodolares2_lag1	4.00216435326527e-07	1.93593240703398e-05	8.74737578726382e-06
mforex_sell_rank_delta1	3.49650322480199e-07	2.28479004966234e-05	8.74737578726382e-06
vmr_mpagosdolares_lag2	2.97805547019585e-07	1.59660987817356e-05	2.62421273617915e-05
vm_msaldodolares_rank_lag2	2.66453619921039e-07	2.57811434922505e-05	2.62421273617915e-05
mforex_buy_rank_lag1	1.79060109399093e-07	2.74714525279066e-05	8.74737578726382e-06
vmr_msaldodolares2_delta2	3.94396323978036e-08	7.51477096927042e-06	8.74737578726382e-06
