Feature	Gain	Cover	Frequency
azar_under	0.469689842567851	0.0231772622734446	0.0183282980866062
ctrx_quarter_normalizado	0.105539669090646	0.00705640576482427	0.00406847935548842
mcaja_ahorro_rank	0.0441965145666058	0.00664587714871871	0.00596173212487412
mtarjeta_visa_consumo_rank	0.027752944034496	0.00758868683729389	0.00507552870090635
ctrx_quarter	0.023953836745428	0.00293438453779447	0.00229607250755287
cpayroll_trx	0.0203710808193555	0.010446652618077	0.0054380664652568
mcuenta_corriente_rank	0.0183135269202292	0.00479988259236801	0.00656596173212487
mcuentas_saldo_rank	0.0115053528084422	0.00716273940849847	0.00878147029204431
mprestamos_personales_rank	0.00982144044311361	0.0121122487299114	0.00741188318227593
cdescubierto_preacordado_tend3	0.0059733806891723	0.00243065542152235	0.000845921450151058
vm_status01	0.00593042579170591	0.00135380831796156	0.000483383685800604
vm_Finiciomora	0.0054481460712615	0.00546032105160653	0.00209466263846929
vm_status06_tend3	0.00415373931696684	0.000890846316835057	0.000281973816717019
mpasivos_margen_rank	0.00406962176883683	0.00297848734259659	0.00527693856998993
mpayroll_rank	0.00401642394398333	0.00373727505438284	0.00294058408862034
foto_mes	0.00377364731162456	0.00635258562001036	0.0105538771399799
cproductos_tend3	0.00375432436762373	0.00267238119892126	0.00116817724068479
ctarjeta_visa_transacciones	0.00358103676764227	0.00366743129694967	0.0035448136958711
cdescubierto_preacordado	0.00351726128597313	0.00496658214865521	0.00185297079556898
mpayroll_sobre_edad_rank	0.00342203295798224	0.00831476443400921	0.00374622356495468
ccomisiones_mantenimiento_delta2	0.00320996613248134	0.00318237283697657	0.00173212487411883
vm_status06	0.00320474687731748	0.000321858395672002	0.000201409869083585
mpasivos_margen_rank_avg3	0.00299442666132426	0.00271821732626385	0.00374622356495468
vm_mpagospesos_rank	0.00298989547943439	0.00178379289071673	0.00205438066465257
ctrx_quarter_delta2	0.00296258567529493	0.00338004205455824	0.00495468277945619
vm_mpagominimo_rank	0.00283258481416604	0.00393251900343543	0.00314199395770393
vm_status04_delta2	0.00274086962766253	0.00124388161184122	0.000443101711983887
mv_status07_rank_delta2	0.00267046362875137	0.00200386045613502	0.000886203423967774
vm_status04_tend3	0.00241902089403772	0.000729846346884357	0.000241691842900302
ctarjeta_visa_transacciones_delta2	0.00234039291399591	0.00459824473391167	0.00245720040281974
ctrx_quarter_delta1	0.00232473391602368	0.00318533597357737	0.00515609264853978
vm_msaldototal_rank	0.0022831327521627	0.000741434605359974	0.00100704934541793
cdescubierto_preacordado_avg3	0.00222211558941692	0.00122806820409352	0.000845921450151058
mcuentas_saldo_rank_delta2	0.00221360608180638	0.00469165484919658	0.0054380664652568
mprestamos_personales_rank_delta1	0.00218224390526306	0.00915574115320895	0.00499496475327291
mprestamos_personales_rank_delta2	0.00216330284918055	0.00914414835667407	0.00350453172205438
mprestamos_personales_rank_tend3	0.00214533687368782	0.00393806840162011	0.0018932527693857
mrentabilidad_annual_rank_lag2	0.00208980443686475	0.00333089400834577	0.00704934541792548
ccaja_ahorro	0.00181269039752966	0.00627873691722841	0.00225579053373615
mcuenta_corriente_rank_delta2	0.00180190616534692	0.00297674472783953	0.00338368580060423
vm_Finiciomora_lag1	0.00176667706919013	0.00177863160464807	0.000563947633434038
cproductos_delta2	0.00176246772025681	0.00256263666346563	0.00124874118831823
mactivos_margen_rank	0.00175710220718427	0.00522836247433034	0.00777442094662638
cdescubierto_preacordado_delta2	0.00158177311702727	0.00193636482022346	0.000604229607250755
mactivos_margen_rank_avg3	0.00156747102828859	0.00400426031793478	0.00511581067472306
ctrx_quarter_normalizado_delta2	0.00154054103375352	0.00148849273053927	0.00310171198388721
cprestamos_personales_tend3	0.00151144277376733	0.00233745945941505	0.00080563947633434
vmr_mpagospesos	0.00142418447936319	0.000300383434846398	0.00080563947633434
Visa_status	0.00139953108352538	1.70548911032669e-05	4.0281973816717e-05
mcuentas_saldo_rank_avg3	0.00139948661270835	0.00550261900541026	0.00418932527693857
ctrx_quarter_normalizado_delta1	0.0013839420479052	0.003059648587636	0.0037865055387714
Visa_mpagominimo_rank	0.00135566114893516	0.00392243068159532	0.00467270896273917
mcaja_ahorro_rank_avg3	0.00133568288382328	0.00347588802717718	0.00410876132930514
cproductos	0.00131661728069063	0.00313043021065022	0.00261832829808661
vm_status06_avg3	0.00129890963716471	3.51334387174709e-05	8.0563947633434e-05
mcuenta_debitos_automaticos_rank	0.00129377661222014	0.00374394989126479	0.00257804632426989
mpayroll_rank_delta2	0.00123933389409315	0.00734092479278077	0.00334340382678751
Visa_Finiciomora	0.00120011309321299	0.00196481434594045	0.000644511581067472
cprestamos_personales	0.00112835443293962	0.00144450877967024	0.00136958710976838
cdescubierto_preacordado_delta1	0.0011171407708217	0.00227619436277377	0.000604229607250755
ccaja_seguridad	0.00107780245345068	0.00622276838404144	0.0018932527693857
vm_status06_delta2	0.00107744712623453	0.001495130830751	0.000483383685800604
mtransferencias_recibidas_rank	0.0010587270689015	0.00368007216907629	0.00467270896273917
mrentabilidad_annual_rank_delta1	0.00102080171741895	0.0029607188956987	0.00580060422960725
ccomisiones_mantenimiento_delta1	0.0010110372806681	0.00213963097756305	0.000966767371601208
mcuentas_saldo_rank_delta1	0.00100779310372499	0.00375952883261723	0.0051963746223565
cproductos_avg3	0.0010061861945272	0.000628029368765374	0.00112789526686808
mcomisiones_otras_rank_lag2	0.00100227984756641	0.00167479043599965	0.00362537764350453
Visa_mpagospesos_rank	0.000996937399317701	0.000636351305061804	0.0018932527693857
numero_de_cliente	0.000989144181553909	0.00433892209147463	0.00684793554884189
mpagomiscuentas_rank	0.000966556665299384	0.00409637017119176	0.002134944612286
mcomisiones_mantenimiento_rank	0.000918714425807803	0.00360518533121337	0.00390735146022155
cpayroll_trx_avg3	0.000906620035856128	0.00220444224337141	0.00149043303121853
mcuentas_saldo_rank_tend3	0.00090656323042041	0.00249626797893775	0.0035448136958711
vmr_mpagominimo_delta2	0.000901405317689476	0.00163623076253848	0.00161127895266868
mcuenta_corriente_rank_avg3	0.000896014971677466	0.00216648894106702	0.00435045317220544
mrentabilidad_annual_rank_lag1	0.000864997605371356	0.00201666102472809	0.00499496475327291
mrentabilidad_rank_avg3	0.000864267604809099	0.00249358382493261	0.00374622356495468
mactivos_margen_rank_lag2	0.000848840563921273	0.00346915808528988	0.00447129909365559
mrentabilidad_annual_rank_tend3	0.000843416975487344	0.00320288205557136	0.00547834843907352
Visa_fechaalta	0.00083900851178376	0.00241077007802722	0.00394763343403827
ccaja_seguridad_avg3	0.000829242575970379	0.00129020784958423	0.000523665659617321
mtarjeta_master_consumo_rank	0.000827550148692156	0.00141878252170728	0.00080563947633434
cprestamos_personales_delta2	0.000820041645388939	0.00229565226430592	0.000725075528700906
mrentabilidad_annual_rank	0.000795608735243633	0.00483570776097603	0.00507552870090635
mrentabilidad_annual_rank_avg3	0.000788990430176856	0.00345507691959236	0.00439073514602215
ctrx_quarter_normalizado_tend3	0.000768815836107059	0.0012290959664676	0.0016515609264854
mactivos_margen_rank_delta2	0.000752631194711842	0.00473226810252337	0.00535750251762336
mcomisiones_rank_avg3	0.000750525381681304	0.00426737072717015	0.00358509566968782
mtarjeta_visa_consumo_rank_avg3	0.00074940209556081	0.00205158787370006	0.00149043303121853
mpasivos_margen_rank_lag2	0.000749268809651194	0.00185962537369087	0.00435045317220544
ccomisiones_mantenimiento_tend3	0.000742122432464164	0.00105020761519563	0.000604229607250755
mcomisiones_rank_lag2	0.000722991826463426	0.00158045434052699	0.00346424974823766
cliente_edad_avg3	0.000722816802337964	0.00385040217277402	0.0054380664652568
ccaja_ahorro_delta2	0.000720922344702973	0.0156189592556041	0.00386706948640483
cplazo_fijo	0.000717393512742225	0.00255455416381984	0.000725075528700906
vm_status05_tend3	0.000706345899941957	0.000112211078714204	0.000120845921450151
vm_Finiciomora_avg3	0.000701569570427225	0.00273876587470558	0.00080563947633434
cliente_edad_lag2	0.00068290629837207	0.00213631970698735	0.004269889224572
mrentabilidad_rank	0.000680865564364368	0.00311066544987266	0.00495468277945619
vm_msaldopesos_rank	0.000673020533602494	0.00195391738515926	0.00177240684793555
mrentabilidad_rank_lag2	0.000654842076410871	0.00235099238433397	0.00386706948640483
mprestamos_personales_rank_lag1	0.000649265462609268	0.00160392042887883	0.000966767371601208
ctransferencias_recibidas_avg3	0.000648876237784422	0.00278040883528899	0.00422960725075529
mpasivos_margen_rank_tend3	0.000646129143436891	0.00343765941594416	0.00459214501510574
chomebanking_transacciones_avg3	0.000645665577059373	0.000843778214451546	0.00249748237663646
Visa_fechaalta_lag2	0.000635188450974956	0.00170610261271946	0.00302114803625378
mautoservicio_rank	0.000632635160478458	0.00225084303494517	0.00193353474320242
mprestamos_personales_rank_avg3	0.00063250883091036	0.00114643716187134	0.00108761329305136
mactivos_margen_rank_tend3	0.000626854111427174	0.00294016775408025	0.00398791540785499
cliente_edad	0.000616992527905967	0.00337012877214685	0.00455186304128902
Visa_msaldopesos_rank	0.000615222208015304	0.00143938206929121	0.00233635448136959
cliente_antiguedad	0.000601991421544166	0.00332808516575992	0.00418932527693857
mprestamos_personales_rank_lag2	0.000599027567942458	0.00182975046516912	0.00100704934541793
mttarjeta_visa_debitos_automaticos_rank_lag2	0.000593607474245125	0.00204175865343407	0.00322255790533736
mcuenta_corriente_rank_lag2	0.000591350073499104	0.00341115434057241	0.0033031218529708
mttarjeta_visa_debitos_automaticos_rank_delta2	0.000589802526874478	0.00307555340486314	0.00201409869083585
ctarjeta_visa_transacciones_delta1	0.000579788960509283	0.00199232017142876	0.00124874118831823
cmobile_app_trx_avg3	0.000577690977409458	0.00166453355767262	0.00370594159113797
mcuentas_saldo_rank_lag2	0.000576300793254946	0.00244747282085751	0.00370594159113797
mrentabilidad_rank_delta2	0.0005716826535759	0.00298416877669603	0.00414904330312185
mrentabilidad_annual_rank_delta2	0.00056008848703848	0.0015936667920227	0.00398791540785499
vm_Finiciomora_delta1	0.000557238891601051	0.00213710025318062	0.000604229607250755
chomebanking_transacciones	0.000557172394718243	0.00269017925125339	0.00346424974823766
mtransferencias_recibidas_rank_lag1	0.000554947129511688	0.00323843407623134	0.00382678751258812
cproductos_delta1	0.000554040829117734	0.00314473806321285	0.00128902316213494
Visa_Fvencimiento_lag2	0.000552824177327135	0.00157889022276761	0.0037865055387714
mactivos_margen_rank_delta1	0.000551633553051687	0.00185197939212659	0.00410876132930514
mactivos_margen_rank_lag1	0.000545692133071583	0.00215425541378379	0.00382678751258812
mplazo_fijo_dolares_rank	0.000542396914669044	0.00665620188183662	0.00181268882175227
Visa_mlimitecompra_rank_delta2	0.000531936515951443	0.002037515568023	0.004269889224572
mcaja_ahorro_rank_lag1	0.000527519870505419	0.0011165698167817	0.00249748237663646
vm_mlimitecompra_rank_delta2	0.000524501498153703	0.00157967703580462	0.00390735146022155
chomebanking_transacciones_lag2	0.000517293084681474	0.00189967677206126	0.00318227593152064
mcomisiones_otras_rank_lag1	0.000516768834728467	0.00138768773963597	0.00374622356495468
ccomisiones_mantenimiento_avg3	0.000511898269514015	0.00670149192938121	0.00294058408862034
mrentabilidad_rank_lag1	0.00050837018161488	0.00190825845822599	0.00394763343403827
mrentabilidad_rank_delta1	0.000505392333207303	0.00138705694939839	0.00314199395770393
vm_Fvencimiento_tend3	0.00049040133985453	0.000291188678485017	0.000604229607250755
mcuenta_corriente_rank_lag1	0.000487137407908841	0.00220522884031036	0.00253776435045317
ccallcenter_transacciones_delta2	0.000485656653412631	0.00178560271197049	0.00100704934541793
mpasivos_margen_rank_delta1	0.000482702910822681	0.00198602026468117	0.00362537764350453
ctarjeta_visa_avg3	0.000481933442618252	4.35830889674499e-05	8.0563947633434e-05
Master_Fvencimiento	0.00047952938658722	0.00308183256619696	0.00322255790533736
mpasivos_margen_rank_delta2	0.00047624848762819	0.00212042245319231	0.00394763343403827
mcomisiones_otras_rank	0.000468809323863931	0.00373083619658257	0.00314199395770393
Visa_mlimitecompra_rank_delta1	0.000463998327525581	0.00134987619765905	0.00358509566968782
mcomisiones_rank	0.000460822605742313	0.00165977529448615	0.00286002014098691
vm_Fvencimiento	0.000458021936385652	0.00134910062172116	0.00338368580060423
mrentabilidad_rank_tend3	0.000457971640683105	0.00133265988130485	0.00306143001007049
Visa_mfinanciacion_limite_rank_delta1	0.00045667586318323	0.00168554693304174	0.00386706948640483
ctransferencias_emitidas_avg3	0.000453968933176423	0.0024851121326805	0.00245720040281974
Master_mfinanciacion_limite_rank_delta1	0.000449070515585226	0.00113292498236619	0.00342396777442095
mtransferencias_recibidas_rank_lag2	0.00044826483855387	0.00184242418420088	0.00338368580060423
ccallcenter_transacciones_avg3	0.00044226792445632	0.00318602511029119	0.00290030211480363
mcomisiones_mantenimiento_rank_delta2	0.000442240683790488	0.000966682905672341	0.00104733131923464
chomebanking_transacciones_lag1	0.000440010893788777	0.00234504406913024	0.00334340382678751
mcuenta_corriente_rank_delta1	0.000434386732106387	0.00305145674237178	0.0033031218529708
mcuenta_debitos_automaticos_rank_delta2	0.000434230518047479	0.0052422303512425	0.00225579053373615
azar_sampling	0.000431202261485114	0.0019384155908143	0.00342396777442095
Master_Fvencimiento_avg3	0.000424750665613589	0.00206642689529453	0.00273917421953676
mpasivos_margen_rank_lag1	0.000423075693650141	0.00121323890691175	0.00298086606243706
vm_status04	0.000420937100023323	8.70194473520571e-05	0.000120845921450151
mpayroll_rank_delta1	0.000413861731659694	0.0060210497049106	0.00225579053373615
Visa_fultimo_cierre_avg3	0.000411563398446519	0.00370862801503887	0.00298086606243706
mcomisiones_otras_rank_delta2	0.000408861216446983	0.00223480358862656	0.0023766364551863
vmr_mpagominimo_avg3	0.000408484508930164	0.00130942091201423	0.00197381671701913
mcomisiones_rank_lag1	0.000408288149557143	0.00111671525077618	0.00253776435045317
mcaja_ahorro_rank_delta1	0.000408036041148819	0.00307430543856577	0.00366565961732125
ccheques_depositados_avg3	0.000406722288622951	0.00403639755704825	0.00145015105740181
vmr_mpagominimo	0.000405589747619313	0.00143427610432595	0.0016515609264854
cliente_antiguedad_lag1	0.000398817475334461	0.00198267895647511	0.00294058408862034
Master_fechaalta_tend3	0.000396419473641619	0.000215810865829435	0.000322255790533736
ccomisiones_mantenimiento_lag2	0.000394260145774414	0.000770129618473295	0.0014098690835851
thomebanking	0.00039389055169561	0.000779233829747473	0.00153071500503525
cliente_antiguedad_lag2	0.000393820340403986	0.00141365473083794	0.00298086606243706
vm_mpagospesos_rank_delta2	0.000389423010325566	0.0020069348832368	0.0018932527693857
Master_mfinanciacion_limite_rank_delta2	0.000388965341056673	0.00114994961974104	0.00342396777442095
vm_fechaalta_lag2	0.000385282020441048	0.00135564407098255	0.00225579053373615
cliente_antiguedad_avg3	0.000383834730152935	0.00235393347893263	0.00261832829808661
Master_Fvencimiento_lag2	0.000382456262029914	0.00122113901979477	0.00257804632426989
vm_mfinanciacion_limite_rank_delta2	0.000381154024751454	0.00193200396136961	0.00314199395770393
vm_cconsumos_lag1	0.000380021587395691	0.00274065478784937	0.00205438066465257
Master_fechaalta	0.000375656720887994	0.00131661135886771	0.00290030211480363
Visa_mfinanciacion_limite_rank_delta2	0.00037460919625067	0.00101476234697736	0.00298086606243706
Visa_mpagominimo_rank_lag1	0.000371661126282888	0.000951055774452494	0.00209466263846929
mcaja_ahorro_rank_lag2	0.000357834382756878	0.00145441882061072	0.0023766364551863
mcuenta_corriente_rank_tend3	0.000356244059387206	0.000769671922781895	0.00169184290030212
Master_mfinanciacion_limite_rank	0.000355879354400898	0.0012389511185008	0.00257804632426989
cmobile_app_trx	0.000352853063358064	0.00128289444293453	0.00225579053373615
cliente_edad_lag1	0.000352647418216213	0.00172934114981396	0.00229607250755287
Visa_fultimo_cierre	0.000348411424317955	0.000887643527485554	0.00185297079556898
Visa_mfinanciacion_limite_rank_lag1	0.000342781252086957	0.000937970604714208	0.0023766364551863
mcomisiones_rank_delta2	0.000340784536513753	0.00165731177660043	0.00205438066465257
mpayroll_sobre_edad_rank_delta2	0.000340191566449374	0.00324505294371572	0.00128902316213494
mttarjeta_visa_debitos_automaticos_rank_lag1	0.000337896763286079	0.0014192482130269	0.00249748237663646
ctrx_quarter_tend3	0.000336633201412227	0.000670301390801886	0.00128902316213494
ccomisiones_otras_lag1	0.000333416417627275	0.000920162395773253	0.00161127895266868
Master_mlimitecompra_rank_delta2	0.000332673800709249	0.000916970195228697	0.00281973816717019
vm_fechaalta	0.000332193827609893	0.00101624434747388	0.0018932527693857
Visa_mfinanciacion_limite_rank_lag2	0.00032994116466137	0.000915871552690887	0.00229607250755287
cprestamos_personales_avg3	0.000328413983647846	0.00177934840191359	0.00120845921450151
vm_mpagominimo_rank_lag2	0.000327308791787179	0.00277511940307067	0.00201409869083585
Master_fechaalta_lag2	0.000327016798952937	0.00135083524085	0.00306143001007049
mcaja_ahorro_rank_tend3	0.00032239612736787	0.00238709394236092	0.00217522658610272
ccaja_ahorro_avg3	0.000315958654447187	0.00131979016133253	0.00104733131923464
vm_status02_avg3	0.000314659907648648	0.000456129628758698	0.000201409869083585
mcuentas_saldo_rank_lag1	0.000313196732423251	0.00208178152686053	0.00205438066465257
mtransferencias_emitidas_rank	0.000310921191038007	0.00334592406062542	0.00241691842900302
Master_Fvencimiento_lag1	0.000310075932072233	0.00108013654823241	0.00225579053373615
Visa_mpagospesos_rank_delta2	0.000306943477633874	0.00175800612529692	0.00245720040281974
vm_mfinanciacion_limite_rank_delta1	0.000306865954667775	0.00150661471386356	0.00269889224572004
Visa_mfinanciacion_limite_rank	0.000306519539368079	0.000765274111159754	0.00193353474320242
mprestamos_prendarios_rank_lag2	0.000306193496164085	0.00713917175405836	0.00177240684793555
Visa_mconsumospesos_rank	0.000304533516419732	0.0010280646952661	0.00197381671701913
Visa_Fvencimiento_lag1	0.000304046031466277	0.000777711851109827	0.00225579053373615
mcaja_ahorro_dolares_rank	0.000301409120112133	0.00273983664059363	0.00225579053373615
mcaja_ahorro_rank_delta2	0.000300263934860475	0.00145472157399299	0.00205438066465257
Visa_mconsumosdolares_rank_lag2	0.00029970689226778	0.00191285940202468	0.0018932527693857
ccomisiones_otras_avg3	0.000299098827090483	0.00156374542241802	0.00197381671701913
vmr_mpagospesos_avg3	0.000298229894838057	0.00116442084243714	0.00177240684793555
vm_Fvencimiento_lag2	0.000298120988970567	0.000685505618118016	0.00225579053373615
mcaja_ahorro_dolares_rank_delta2	0.00029762393081961	0.00238299283337536	0.00201409869083585
Master_mlimitecompra_rank_delta1	0.000293939876045284	0.000990673680114226	0.00269889224572004
ccomisiones_otras_lag2	0.000291383295554193	0.000435764547570033	0.00153071500503525
Visa_mlimitecompra_rank	0.000291372767452918	0.00109820969339511	0.00205438066465257
Visa_status_avg3	0.000288607095699357	0.000137162192935402	0.000161127895266868
Master_mlimitecompra_rank	0.000287659168467206	0.000968553018284891	0.00201409869083585
tcallcenter_avg3	0.000284460681631618	0.00102048419141405	0.00145015105740181
Visa_mpagominimo_rank_lag2	0.00028354059324424	0.00149586232268461	0.00229607250755287
vmr_msaldopesos2	0.000280935645432603	0.00110577247720623	0.00193353474320242
mtransferencias_emitidas_rank_lag1	0.000280538898060307	0.00279531787265496	0.002134944612286
Visa_cconsumos_lag1	0.000279686080281503	0.00112695570565063	0.00157099697885196
vm_Fvencimiento_avg3	0.000278476875156239	0.000632289742021258	0.00193353474320242
vm_fechaalta_avg3	0.000278310220908715	0.0011549726030512	0.0016515609264854
Visa_msaldototal_rank	0.000278073657783554	0.000584386852831383	0.0014098690835851
mcaja_ahorro_dolares_rank_lag2	0.000275881920872058	0.00169964560268214	0.00181268882175227
thomebanking_avg3	0.000273892468617893	0.000836795870029995	0.00153071500503525
mcomisiones_otras_rank_delta1	0.000273045394546377	0.00127802596973738	0.00217522658610272
Visa_msaldopesos_rank_delta2	0.000269508163526988	0.000622117358035753	0.00161127895266868
ctarjeta_visa	0.000269270061439331	0.000141393825149286	4.0281973816717e-05
Visa_fechaalta_lag1	0.000264522314848215	0.000694905667636541	0.00149043303121853
cmobile_app_trx_lag1	0.00026396112624861	0.00229712475648779	0.0018932527693857
Master_fultimo_cierre	0.000262490924532212	0.000640574725549402	0.00145015105740181
vm_fechaalta_lag1	0.000262432166638803	0.00138874489134623	0.00169184290030212
vmr_mpagospesos_lag1	0.000262368843808822	0.00154114869656217	0.0016515609264854
ctarjeta_visa_debitos_automaticos_avg3	0.00026229301781062	0.0011289070711338	0.00185297079556898
mcomisiones_rank_tend3	0.000262138015553365	0.00128204452926395	0.00201409869083585
vm_Fvencimiento_lag1	0.000260854381431747	0.00184607386433877	0.00221550855991944
ctrx_quarter_avg3	0.000260318689354095	0.000682675381824214	0.00112789526686808
vm_status01_tend3	0.000259842841118888	0.0018223069674872	0.000563947633434038
mcomisiones_rank_delta1	0.000259749800216113	0.000988585308460923	0.00201409869083585
Visa_mconsumospesos_rank_lag1	0.000259316628953497	0.000556455962458757	0.00177240684793555
ctrx_quarter_normalizado_avg3	0.000258324740436156	0.00189057039980648	0.00128902316213494
mcomisiones_mantenimiento_rank_lag2	0.00025397606826321	0.000722522567527767	0.00145015105740181
Master_mfinanciacion_limite_rank_lag2	0.000253943795035406	0.000746520689303697	0.00197381671701913
mtransferencias_recibidas_rank_delta2	0.000252935025129245	0.000756396370652615	0.00205438066465257
Visa_mpagospesos_rank_lag1	0.000251895010888347	0.000887930073513314	0.00169184290030212
Master_fultimo_cierre_tend3	0.000250278756722024	0.000207328800870434	0.000684793554884189
vm_fultimo_cierre	0.000246135709219306	0.000585006622067897	0.0016515609264854
Visa_cconsumos_lag2	0.000243404617062219	0.00118305951622325	0.00201409869083585
Visa_msaldopesos_rank_delta1	0.000242984394000181	0.000800759573617211	0.00161127895266868
ctarjeta_visa_debitos_automaticos_tend3	0.000242907832394665	0.00200187862082537	0.00100704934541793
mcaja_ahorro_dolares_rank_delta1	0.000242104806454511	0.00220841823158014	0.0014098690835851
Visa_mpagominimo_rank_delta2	0.00023913681119507	0.000551930869079187	0.00136958710976838
ccomisiones_otras	0.000238742943921831	0.000923843410129872	0.00181268882175227
Visa_status_tend3	0.000238605576067232	0.00196853469014402	0.000684793554884189
vm_Finiciomora_tend3	0.000237897698081584	0.00194754638214987	0.000563947633434038
vm_status04_delta1	0.000236937263648022	0.00134608518938981	0.000443101711983887
ctrx_quarter_lag2	0.00023693329912379	0.000697517644889591	0.00161127895266868
mcaja_ahorro_dolares_rank_lag1	0.000236563994319864	0.00169246034218211	0.00193353474320242
ccajas_consultas_avg3	0.000234395728153149	0.00398432937774896	0.0018932527693857
vm_status01_avg3	0.000233560400194723	0.00107974951660668	0.000644511581067472
vmr_mpagado_avg3	0.000233116455870408	0.000778171275585708	0.0014098690835851
Visa_msaldototal_rank_delta2	0.000231334119677444	0.000937729871475199	0.0014098690835851
ctransferencias_recibidas_lag1	0.000231274470985171	0.000845316400443704	0.00149043303121853
ccallcenter_transacciones_tend3	0.000230789137677813	0.000454086205501907	0.000322255790533736
chomebanking_transacciones_delta1	0.000230373452279969	0.00107819123349493	0.00169184290030212
Visa_Fvencimiento	0.000227911913969124	0.000676559158427749	0.00181268882175227
Master_mfinanciacion_limite_rank_lag1	0.000226479072779479	0.000654565346159723	0.00169184290030212
Visa_delinquency_avg3	0.000225992043508179	0.000540582479450338	0.00040281973816717
Master_fechaalta_lag1	0.000223880874995052	0.000642061912399364	0.0016515609264854
Visa_Fvencimiento_avg3	0.000221165856047766	0.000929600262452304	0.0016515609264854
ccallcenter_transacciones_delta1	0.000220835590998161	0.00131614890901898	0.000523665659617321
vm_fechaalta_tend3	0.000220693157447597	0.000344175706736075	0.000563947633434038
vm_mlimitecompra_rank_delta1	0.00022043055816887	0.00100800107087134	0.00197381671701913
Visa_mconsumospesos_rank_lag2	0.000218610614886106	0.00069149239877645	0.00161127895266868
vm_mpagominimo_rank_lag1	0.000216351561345055	0.00101422210182698	0.00112789526686808
vm_status02	0.000214585573942127	0.000266257445285353	0.000120845921450151
mautoservicio_rank_avg3	0.000214504327519951	0.000673494671836742	0.0016515609264854
ctransferencias_recibidas_lag2	0.000213746245689105	0.000711553213896423	0.00149043303121853
Visa_Finiciomora_delta1	0.000213612241748916	0.000324557244345232	8.0563947633434e-05
mtransferencias_recibidas_rank_delta1	0.000212138922366189	0.000897064322417853	0.00177240684793555
mtransferencias_emitidas_rank_delta2	0.000211563259310004	0.00280305331881614	0.00120845921450151
vmr_mpagominimo_lag1	0.000211095844901816	0.000865152689679179	0.00116817724068479
Visa_fechaalta_avg3	0.000210821374070691	0.000961244149694451	0.00149043303121853
vmr_msaldopesos	0.000208561321261274	0.000578919788007613	0.00124874118831823
vm_mfinanciacion_limite_rank_lag1	0.00020756252889526	0.00142487886408221	0.00149043303121853
mcomisiones_mantenimiento_rank_lag1	0.000206857534370691	0.000890440916874213	0.00136958710976838
vm_cconsumos_lag2	0.000206086354009346	0.000837595432852555	0.00104733131923464
vm_msaldototal_rank_delta1	0.000206022033217844	0.00227441436305231	0.00153071500503525
Visa_msaldototal_rank_delta1	0.000203196173920218	0.00141552268246989	0.00132930513595166
Visa_mpagospesos_rank_delta1	0.000202340233083602	0.00183862993446074	0.00185297079556898
Master_fultimo_cierre_avg3	0.000202104951134899	0.000511461753158519	0.00149043303121853
vmr_mpagominimo_delta1	0.000202071762795611	0.000970157546381514	0.00100704934541793
Visa_mlimitecompra_rank_lag2	0.000200375968897973	0.000385958050568283	0.0014098690835851
Master_mlimitecompra_rank_lag2	0.000200172354214297	0.00068421205512995	0.00136958710976838
vm_cconsumos_avg3	0.000199078574157209	0.000941049785973305	0.00112789526686808
vm_cconsumos_delta2	0.000198838728638333	0.00209385578987342	0.00100704934541793
vmr_msaldopesos2_delta1	0.000198441496005545	0.00276942694797016	0.00181268882175227
vmr_mpagosdolares_avg3	0.000198287346041362	0.00278073989751715	0.00173212487411883
mttarjeta_visa_debitos_automaticos_rank	0.000196693758664542	0.00110229783649706	0.00153071500503525
Master_mlimitecompra_rank_lag1	0.000196005267239493	0.000597869210804227	0.0014098690835851
Master_mpagominimo_rank	0.000195705573302642	0.000726149125173227	0.00104733131923464
Visa_mconsumosdolares_rank	0.000194917316301149	0.00109055593230067	0.00128902316213494
ctarjeta_master_transacciones	0.000193610051979576	0.00086505436506181	0.000362537764350453
Visa_cconsumos_tend3	0.000193264532254189	0.000465713145530292	0.00128902316213494
tcallcenter_delta2	0.00019044022144679	0.000347830573227415	0.000241691842900302
vmr_msaldopesos2_avg3	0.000189486617540136	0.000711763045112829	0.0014098690835851
vmr_msaldopesos2_lag1	0.000189100840732113	0.00113067799473674	0.00145015105740181
vmr_mpagominimo_tend3	0.000187956062671694	0.000527489097985766	0.000765357502517623
Master_fechaalta_avg3	0.000186867658975141	0.000514921050905422	0.0014098690835851
vmr_Master_mlimitecompra_avg3	0.000185920265373433	0.000904851416015408	0.0014098690835851
ctarjeta_debito_transacciones_delta1	0.000185225316301308	0.00421530276396892	0.00181268882175227
Visa_mlimitecompra_rank_lag1	0.000184389994716318	0.000500760577219822	0.00128902316213494
cmobile_app_trx_lag2	0.000184336379586038	0.000550104840470908	0.0014098690835851
mtransferencias_emitidas_rank_delta1	0.000184137721663982	0.00355227933973487	0.0014098690835851
mautoservicio_rank_delta2	0.000183914296932738	0.000818083506805367	0.00116817724068479
mcaja_ahorro_dolares_rank_avg3	0.000183252739524556	0.000673055560578515	0.00128902316213494
ctarjeta_visa_debitos_automaticos_lag2	0.000182489103384733	0.00135576162832727	0.00136958710976838
ccajas_extracciones_avg3	0.000179867272525364	0.00263990187657857	0.0014098690835851
Master_msaldopesos_rank	0.000179535315365522	0.000715987762188789	0.000644511581067472
Master_msaldototal_rank_lag1	0.000178654645522624	0.00248457296802042	0.00104733131923464
mtarjeta_visa_consumo_rank_delta1	0.000176280695306454	0.00116849040110591	0.000926485397784491
ccajas_transacciones_avg3	0.000173627419589968	0.000723218187183394	0.00104733131923464
mpayroll_rank_lag1	0.000172736702423355	0.000689667018462351	0.00104733131923464
vmr_mpagospesos_lag2	0.000171293067300861	0.00147201676613915	0.00136958710976838
cmobile_app_trx_delta2	0.000171261604277598	0.000347131496002825	0.00108761329305136
vmr_mconsumospesos_lag2	0.000171158447842373	0.000763182065839428	0.00112789526686808
vm_mconsumosdolares_rank	0.00017081262041805	0.00178488850788169	0.00100704934541793
mcuenta_debitos_automaticos_rank_lag1	0.000169347206449104	0.00161886706730726	0.00104733131923464
Visa_fultimo_cierre_lag2	0.000169040196029909	0.000327959276106195	0.00112789526686808
Master_mpagospesos_rank_lag2	0.00016691850671208	0.00291599567336589	0.00136958710976838
Master_msaldototal_rank_delta2	0.000166604053082915	0.00161305100411634	0.00100704934541793
vm_fechaalta_delta2	0.000164632784713312	0.000225326960006261	0.000201409869083585
vm_fultimo_cierre_avg3	0.000163855107337878	0.00135107575799095	0.00132930513595166
mextraccion_autoservicio_rank_delta2	0.000163571410762761	0.00133971980492999	0.00108761329305136
vmr_Master_mlimitecompra	0.000163533616657077	0.000469507179172369	0.00120845921450151
Visa_mpagominimo_rank_delta1	0.000163314672970198	0.000898631465550071	0.0014098690835851
mextraccion_autoservicio_rank_lag2	0.000163132407500386	0.00186657659999176	0.00128902316213494
Visa_mpagospesos_rank_lag2	0.000162433413880897	0.000592240504631464	0.00112789526686808
chomebanking_transacciones_delta2	0.000160705108501962	0.000573443214869197	0.00128902316213494
ctrx_quarter_normalizado_lag1	0.000159873770194123	0.000627520890029838	0.000886203423967774
ctarjeta_debito_transacciones	0.000159327835256565	0.00100118685074059	0.00116817724068479
ctarjeta_debito_avg3	0.00015906110107952	0.000678598043625277	0.00128902316213494
vmr_msaldopesos2_lag2	0.000158002620761608	0.000355850404435753	0.00128902316213494
Visa_cconsumos_avg3	0.000157747694321825	0.000603403914320824	0.00116817724068479
mcuenta_debitos_automaticos_rank_lag2	0.000157739158410317	0.00184584674527755	0.00149043303121853
Visa_fechaalta_tend3	0.000157407731829769	0.000373827602059746	0.000443101711983887
ctrx_quarter_normalizado_lag2	0.000156484945431628	0.000280372754476381	0.00100704934541793
Visa_mconsumospesos_rank_delta2	0.000155704134585966	0.000661983560368599	0.00120845921450151
ctarjeta_debito_transacciones_avg3	0.000155113993904424	0.000525762258387096	0.0014098690835851
Visa_cconsumos_delta2	0.000154845339042842	0.000794108939717993	0.00104733131923464
Master_mpagominimo_rank_delta2	0.000154822929819091	0.00331496131446887	0.00136958710976838
mcaja_ahorro_dolares_rank_tend3	0.000153482588494193	0.00160312734899807	0.00112789526686808
vmr_Master_mlimitecompra_lag2	0.000152189594963096	0.000712885242339196	0.00104733131923464
vmr_mconsumosdolares_avg3	0.000151927018306361	0.00106661918237383	0.00112789526686808
chomebanking_transacciones_tend3	0.000151624833393521	0.00224186113517304	0.00136958710976838
vmr_mpagominimo_lag2	0.000148849159421275	0.00114376402886727	0.00100704934541793
vmr_msaldopesos_lag2	0.000148506107832188	0.000717361497557171	0.000926485397784491
vmr_mconsumospesos_lag1	0.000147082763002158	0.000316315912625239	0.00100704934541793
cinversion1_avg3	0.000145093798198903	0.00437699489600628	0.00108761329305136
vmr_msaldopesos2_delta2	0.000144840852378507	0.0004651545320448	0.00108761329305136
vmr_mconsumospesos	0.000144512213259157	0.000745486011791692	0.00108761329305136
vm_msaldototal_rank_delta2	0.000143715366922309	0.00147941099346335	0.00120845921450151
ctarjeta_debito_delta2	0.000143659991174301	0.00251427996834943	0.000684793554884189
Master_msaldopesos_rank_lag1	0.000143561268316164	0.000990676705487068	0.000845921450151058
cforex_buy_avg3	0.00014327043193628	0.00244867475826807	0.000966767371601208
Visa_delinquency	0.000141929363150347	0.000221569663034409	0.000201409869083585
ctarjeta_visa_transacciones_tend3	0.000141855679410625	0.00114593170850864	0.000725075528700906
vm_mconsumospesos_rank	0.0001416862393879	0.00207064815480153	0.00100704934541793
vm_fultimo_cierre_tend3	0.000141401975539913	0.000653599820026966	0.000563947633434038
Master_Finiciomora	0.000140947797811635	0.00156157169203096	0.00040281973816717
Visa_cconsumos	0.00014006658374399	0.000611657779728306	0.00124874118831823
Visa_mconsumototal_rank	0.000139781403714559	0.00069596152275844	0.000684793554884189
Visa_mconsumototal_rank_delta2	0.000138795248343871	0.000397214814619629	0.00104733131923464
vm_mconsumospesos_rank_lag2	0.000138345283280862	0.00142699511238527	0.00124874118831823
vm_cconsumos_delta1	0.000136169636452784	0.000445080751041219	0.000563947633434038
cseguro_accidentes_personales_avg3	0.000135527064843836	0.000806863695522307	0.000684793554884189
mtransferencias_emitidas_rank_lag2	0.000134147591362216	0.00248405260389158	0.00149043303121853
vm_mpagominimo_rank_delta2	0.000133976969289419	0.000512556073735125	0.00108761329305136
Master_msaldototal_rank	0.000133271401822586	0.00168602731902946	0.000886203423967774
mautoservicio_rank_lag2	0.000132764072379069	0.000396114875493458	0.00104733131923464
ccajas_consultas	0.000132624714381985	0.0024157105118784	0.000644511581067472
cprestamos_personales_lag2	0.000132290740251939	0.00270982407760757	0.00104733131923464
cextraccion_autoservicio_avg3	0.000132026013357191	0.000643809497411808	0.00104733131923464
mautoservicio_rank_tend3	0.000132012908905527	0.000796295635988664	0.00080563947633434
ccomisiones_otras_delta1	0.000131592756951768	0.000195128336590407	0.000684793554884189
mtarjeta_visa_consumo_rank_delta2	0.000129003917443413	0.000838889211938681	0.000886203423967774
ctarjeta_visa_transacciones_lag2	0.000127249992451554	0.000909854302205972	0.00100704934541793
ctransferencias_recibidas_tend3	0.00012658210538988	0.00135898105722741	0.000966767371601208
vm_fultimo_cierre_delta2	0.000126201737387851	0.000502250789442626	0.000644511581067472
Master_cconsumos_avg3	0.000124988994625725	0.0010150782823413	0.000845921450151058
vmr_Visa_mlimitecompra_avg3	0.000124975932638931	0.000362166518537857	0.000926485397784491
Master_fultimo_cierre_lag2	0.000123769439772024	0.000349068815112082	0.000926485397784491
vmr_Visa_mlimitecompra	0.000122659271461473	0.000344233621016195	0.000765357502517623
ctransferencias_recibidas_delta2	0.000122572793715714	0.00072849486961617	0.000926485397784491
mautoservicio_rank_delta1	0.000120339488476804	0.00159300012950714	0.00100704934541793
vm_mfinanciacion_limite_rank	0.000119994065293226	0.00056886539356295	0.000845921450151058
Visa_msaldototal_rank_lag1	0.000119962562584206	0.000726089049912505	0.000765357502517623
ccallcenter_transacciones	0.000119851628333615	0.000928584169373472	0.000523665659617321
vmr_mconsumosdolares	0.000119002335806086	0.00109358649149624	0.00080563947633434
vmr_msaldopesos_tend3	0.000118689081272229	0.000410299336063734	0.000644511581067472
vmr_mconsumospesos_avg3	0.000118562894379241	0.000504378707040937	0.000886203423967774
vmr_msaldopesos_avg3	0.000118120072455936	0.000358619268880473	0.000725075528700906
Visa_msaldopesos_rank_lag1	0.000118010939131813	0.000339839915257198	0.00080563947633434
Visa_mconsumosdolares_rank_delta1	0.000117959685380461	0.00166308959043469	0.00100704934541793
vm_fultimo_cierre_lag2	0.000117379282157293	0.000292872514569717	0.000926485397784491
vm_mfinanciacion_limite_rank_lag2	0.000116586481729576	0.000316822446478234	0.000765357502517623
vm_mlimitecompra_rank_lag2	0.000116232788484591	0.000285319887367426	0.000966767371601208
Master_fultimo_cierre_lag1	0.000115569353784504	0.000444515870711983	0.000966767371601208
Visa_msaldopesos_rank_lag2	0.000115090292994358	0.000459036795961915	0.000765357502517623
cseguro_vivienda_avg3	0.000114708460732435	0.00040379759372796	0.000725075528700906
Visa_mconsumototal_rank_lag2	0.000113582782665068	0.000264100786645042	0.000443101711983887
Visa_cconsumos_delta1	0.000112160615860026	0.000499119960747153	0.00100704934541793
ctarjeta_debito_transacciones_lag1	0.000111935625957043	0.00050446903603008	0.000966767371601208
vmr_mpagospesos_delta1	0.000111825532057315	0.00179949522406151	0.00100704934541793
ctransferencias_recibidas	0.000111731025794579	0.000671946329235758	0.00100704934541793
vm_msaldopesos_rank_delta2	0.000111584910387316	0.000473573928566358	0.00080563947633434
vmr_msaldototal_lag1	0.000111185827308869	0.000394915531259618	0.000523665659617321
mextraccion_autoservicio_rank_lag1	0.00011105720558727	0.000621397535397388	0.00080563947633434
mautoservicio_rank_lag1	0.000110518787242312	0.000411825636662584	0.000926485397784491
cprestamos_personales_delta1	0.000109916474945966	0.00234763983902878	0.000604229607250755
mpayroll_sobre_edad_rank_lag1	0.00010964144741121	0.000532917265158708	0.000926485397784491
vm_mpagominimo_rank_delta1	0.000109415786919333	0.000489089985383287	0.00080563947633434
vm_msaldopesos_rank_delta1	0.000108944861273844	0.000368624392967421	0.000725075528700906
cproductos_lag1	0.000107090989420726	0.000452996855180684	0.00080563947633434
cpagomiscuentas	0.000106374773090826	0.000396569761910077	0.00040281973816717
vm_status02_tend3	0.000106307780569721	0.00159565273319549	0.00040281973816717
catm_trx_other_avg3	0.000105870672089146	0.00068459757406926	0.000765357502517623
Master_Fvencimiento_delta2	0.000105766732017717	7.19604379323482e-05	0.000201409869083585
cseguro_accidentes_personales_lag2	0.000103012429807218	0.000517523952039945	0.000483383685800604
ctarjeta_master_delta1	0.000102916801141156	0.0012251480710067	0.000322255790533736
mcomisiones_mantenimiento_rank_delta1	0.000102882191011476	0.000373217773333999	0.000563947633434038
vm_mpagospesos_rank_lag2	0.000102834030474877	0.000289876747161838	0.00080563947633434
cpayroll_trx_lag2	0.000102672612866657	0.00103077694201906	0.000523665659617321
ctarjeta_visa_transacciones_lag1	0.000102569452399104	0.00047373362503281	0.00080563947633434
vmr_msaldototal_delta1	0.000102147184272625	0.00149028526394822	0.00080563947633434
ctarjeta_visa_transacciones_avg3	0.000101759697316644	0.000279889559213882	0.000845921450151058
ccajas_consultas_delta2	0.000100433382564704	0.00155920801144902	0.000523665659617321
vm_mpagospesos_rank_lag1	9.97463250756334e-05	0.00072155660919889	0.00100704934541793
vm_status05_delta2	9.96766689399407e-05	0.000477470824885068	0.000322255790533736
ctrx_quarter_lag1	9.89616768656e-05	0.000500273059996121	0.000644511581067472
Visa_fultimo_cierre_lag1	9.71848001506106e-05	0.000227333646592827	0.000684793554884189
ctarjeta_debito_transacciones_lag2	9.65819605465312e-05	0.000348495290860441	0.000845921450151058
Visa_mconsumosdolares_rank_lag1	9.655469698369e-05	0.000198325075194227	0.000765357502517623
vmr_mpagospesos_delta2	9.65284598955073e-05	0.000445267459765189	0.000886203423967774
ctarjeta_debito_transacciones_delta2	9.59689336729484e-05	0.000730103935772057	0.000604229607250755
cpagomiscuentas_delta2	9.56239320810536e-05	0.00249834338470745	0.000684793554884189
vmr_msaldopesos_delta2	9.5373590179864e-05	0.000322633971609885	0.000483383685800604
vm_fultimo_cierre_lag1	9.46220319238299e-05	0.000355422746374713	0.000725075528700906
ctarjeta_visa_debitos_automaticos_lag1	9.44363906264701e-05	0.000502987467729682	0.000563947633434038
vmr_mconsumospesos_delta2	9.38593552084725e-05	0.000956222246874593	0.000765357502517623
ccajas_consultas_delta1	9.19032290114613e-05	0.000941943351452031	0.000362537764350453
Master_msaldototal_rank_delta1	8.96921114916059e-05	0.000898756370228838	0.000563947633434038
ctarjeta_master	8.95942587927746e-05	4.01996416396598e-05	0.000120845921450151
Master_msaldopesos_rank_lag2	8.90828099603382e-05	0.000497867024194396	0.000604229607250755
cmobile_app_trx_delta1	8.90023087294549e-05	0.00106238971114054	0.000845921450151058
Visa_mpagado_rank_delta2	8.83005144004974e-05	0.000603550644903667	0.000563947633434038
Master_cconsumos_tend3	8.82146822986403e-05	0.00206547411894732	0.000684793554884189
vmr_msaldototal_avg3	8.8155001198506e-05	0.000535208985086613	0.000725075528700906
matm_other_rank_delta2	8.7926068195473e-05	0.00176216579685678	0.000886203423967774
vmr_msaldototal_lag2	8.7561876529143e-05	0.000647398021798682	0.000765357502517623
ctarjeta_visa_debitos_automaticos	8.75070022044785e-05	0.000365488377918504	0.000644511581067472
Visa_mconsumototal_rank_delta1	8.72769785026951e-05	0.000371056144438305	0.000765357502517623
vm_mconsumospesos_rank_delta1	8.61060662322833e-05	0.000938731269885941	0.000725075528700906
matm_rank_delta2	8.57653404471413e-05	0.00127506456192106	0.000725075528700906
vmr_msaldopesos_delta1	8.4616413678143e-05	0.000401246988323993	0.000563947633434038
Master_status	8.43522255610774e-05	0.000522449042928855	0.000201409869083585
vmr_Visa_mlimitecompra_lag1	8.31584092362977e-05	0.000321543756896421	0.000725075528700906
ctransferencias_recibidas_delta1	8.30384911087173e-05	0.000483547934532645	0.000563947633434038
ctarjeta_master_transacciones_delta1	8.14901356505816e-05	0.00131596306468725	0.00040281973816717
Visa_mconsumospesos_rank_delta1	8.10174536139356e-05	0.000199449865597314	0.000604229607250755
mpagomiscuentas_rank_lag2	8.09810294264703e-05	0.0005325062466483	0.000684793554884189
mpayroll_rank_lag2	7.95511855220089e-05	0.000709326107288502	0.000604229607250755
Master_mpagominimo_rank_lag1	7.91685968120509e-05	0.00054413988571655	0.000684793554884189
vm_cconsumos	7.91572571907884e-05	0.000562871265570471	0.000563947633434038
mprestamos_prendarios_rank_lag1	7.90514274696568e-05	0.000819336875554245	0.000201409869083585
ccomisiones_otras_delta2	7.90181590223911e-05	0.000163387853515373	0.000725075528700906
vm_mlimitecompra_rank_lag1	7.82642763890235e-05	0.000264978793063437	0.000563947633434038
matm_other_rank	7.81911292036922e-05	0.00163135580639952	0.000563947633434038
vmr_Visa_mlimitecompra_lag2	7.75152752148513e-05	0.000386203970160736	0.000644511581067472
vmr_msaldototal	7.59239679178836e-05	0.000331591236203159	0.000483383685800604
vmr_msaldopesos2_tend3	7.57774690714045e-05	0.000414408440677513	0.000644511581067472
mtarjeta_visa_consumo_rank_tend3	7.52874837670792e-05	0.000239973654327201	0.000523665659617321
cextraccion_autoservicio_delta2	7.52324512026682e-05	0.000814601950958268	0.000604229607250755
cprestamos_personales_lag1	7.45239437290381e-05	0.000375979938738854	0.000322255790533736
vmr_msaldopesos_lag1	7.44783128907584e-05	0.000166754445194471	0.000443101711983887
vmr_mpagospesos_tend3	7.32248481701448e-05	0.000433060944739479	0.000443101711983887
ctransferencias_emitidas	7.30648042412119e-05	0.00042522544517645	0.000443101711983887
Master_fultimo_cierre_delta1	7.29136472166961e-05	0.000175724243475235	0.000443101711983887
vm_msaldototal_rank_lag2	7.27973742404592e-05	0.000245866216231409	0.000644511581067472
vm_msaldototal_rank_lag1	7.11995936051972e-05	0.000419290311954393	0.000563947633434038
matm_rank_lag2	7.10805851790911e-05	0.000317807853632524	0.000604229607250755
ctarjeta_debito_lag2	7.00071460175125e-05	0.000132955844194555	0.000443101711983887
ccuenta_debitos_automaticos_avg3	6.93963924359262e-05	0.000172250467158301	0.000523665659617321
mtarjeta_visa_consumo_rank_lag1	6.9195985165453e-05	0.000311212540836704	0.000483383685800604
Master_mpagospesos_rank_lag1	6.91705483372122e-05	0.000833298971220625	0.000563947633434038
ccajas_depositos	6.85301350998201e-05	0.00163446480919092	0.000443101711983887
catm_trx_avg3	6.81057789756189e-05	0.00142217374856523	0.000725075528700906
cdescubierto_preacordado_lag1	6.80947544133138e-05	0.000312202269952197	0.00040281973816717
vm_msaldopesos_rank_lag2	6.76746507656319e-05	0.000674972998666238	0.000644511581067472
Visa_Fvencimiento_delta2	6.74454438590886e-05	0.000135108396971723	0.000201409869083585
cpagomiscuentas_avg3	6.736478472702e-05	0.000507654105338651	0.000604229607250755
cextraccion_autoservicio_lag1	6.7090879231988e-05	0.000164143548431722	0.000443101711983887
vmr_msaldodolares_avg3	6.58680994566622e-05	0.000463268644273859	0.000523665659617321
mtarjeta_visa_consumo_rank_lag2	6.5653289498935e-05	0.000675284179872856	0.000563947633434038
vmr_msaldodolares2_avg3	6.55072554016176e-05	0.000530511661553103	0.000563947633434038
Master_mpagominimo_rank_lag2	6.51191687237812e-05	0.000479155741460068	0.000483383685800604
vmr_Master_mlimitecompra_lag1	6.48948676821249e-05	0.000251484981893405	0.000523665659617321
vm_mconsumosdolares_rank_lag2	6.44307724055203e-05	0.000414919512589771	0.000523665659617321
Master_mpagospesos_rank	6.43686540530669e-05	0.000354099794050467	0.000483383685800604
mpagomiscuentas_rank_lag1	6.40836546197659e-05	0.000391227601765075	0.000563947633434038
ccomisiones_mantenimiento	6.38425006937407e-05	0.000119972888838721	0.000201409869083585
catm_trx_lag2	6.33026839935423e-05	0.000997691464617642	0.000483383685800604
vmr_mconsumosdolares_delta1	6.33014765979449e-05	0.000710035341121919	0.000523665659617321
Master_mpagospesos_rank_delta2	6.2168069034751e-05	0.00133253130295906	0.000604229607250755
tcuentas_lag2	6.21395886684304e-05	0.00253260832532117	0.000644511581067472
mpagomiscuentas_rank_delta1	6.17299916905633e-05	0.00172258008980601	0.000725075528700906
mttarjeta_visa_debitos_automaticos_rank_delta1	6.16627636203905e-05	0.000372556513269936	0.000604229607250755
ctarjeta_debito_delta1	6.14519596822353e-05	0.00278574537688443	0.000684793554884189
cextraccion_autoservicio_delta1	6.14470111352137e-05	0.00224393848582528	0.000845921450151058
Master_msaldopesos_rank_delta1	6.13669249268816e-05	0.000225899403767602	0.00040281973816717
thomebanking_lag2	6.1246156538456e-05	0.000129978012925669	0.00040281973816717
Visa_mconsumosdolares_rank_delta2	6.09851960480207e-05	0.000482076955037195	0.000483383685800604
Visa_status_delta2	6.09694526232511e-05	0.000833852614450733	0.000362537764350453
cmobile_app_trx_tend3	6.09517122379016e-05	0.000435986264179748	0.000523665659617321
vm_cconsumos_tend3	6.09407176159244e-05	0.000392002961604898	0.000322255790533736
vm_mlimitecompra_rank	6.04356388105676e-05	0.000122513769829981	0.000443101711983887
ctarjeta_master_transacciones_avg3	6.01934470519898e-05	0.00121754379636803	0.000523665659617321
mpayroll_sobre_edad_rank_lag2	6.01177408510383e-05	0.000158747795967803	0.000443101711983887
vmr_mconsumototal_lag2	5.98622315081401e-05	0.000189120162224019	0.00040281973816717
tcallcenter	5.93161008819219e-05	9.43929292624822e-05	8.0563947633434e-05
vm_mpagado_rank	5.90750638639838e-05	0.00107600669820486	0.000483383685800604
ccajas_depositos_avg3	5.86605839348841e-05	0.00147649712722027	0.000604229607250755
Visa_msaldototal_rank_lag2	5.86385811948544e-05	0.000718056036722498	0.000523665659617321
Master_mconsumospesos_rank_lag2	5.82289242975398e-05	0.000229210890441362	0.000443101711983887
ctransferencias_emitidas_delta2	5.78122902581937e-05	0.000446741680731542	0.000362537764350453
mcheques_emitidos_rank_lag2	5.7768219874229e-05	0.00331404376210547	0.000845921450151058
vmr_mpagado	5.75970013663854e-05	0.0013345565739788	0.000523665659617321
Master_msaldototal_rank_lag2	5.65168157373921e-05	0.000248383326436052	0.000443101711983887
Visa_Fvencimiento_tend3	5.54536828771106e-05	6.97128020087138e-05	0.000120845921450151
Master_status_avg3	5.50641006175995e-05	0.000661704793871004	0.000201409869083585
vmr_mconsumospesos_tend3	5.48813590854579e-05	0.00063764594854017	0.000523665659617321
matm_other_rank_lag2	5.48103158751458e-05	0.0003970886133525	0.000443101711983887
cpayroll_trx_lag1	5.46338705568004e-05	0.000367600304260364	0.000362537764350453
ctarjeta_master_descuentos_avg3	5.41663993229562e-05	0.00279131055022751	0.000725075528700906
Master_Fvencimiento_tend3	5.40031870366435e-05	3.6161417189611e-05	0.000120845921450151
mplazo_fijo_dolares_rank_delta2	5.38160112233715e-05	0.00176323829152931	0.000644511581067472
vm_status05_avg3	5.35991292689703e-05	0.000101393642019146	0.000322255790533736
Master_mpagominimo_rank_delta1	5.34302198718574e-05	0.000100395917275427	0.000362537764350453
vm_Finiciomora_lag2	5.22818259888181e-05	0.000517939724707676	0.000201409869083585
ctarjeta_debito	5.21023553633846e-05	0.000295609828697654	0.000443101711983887
vmr_msaldototal_delta2	5.20348599337035e-05	0.00106710280983244	0.000523665659617321
mpayroll_sobre_edad_rank_delta1	5.1384091757035e-05	0.00120391686879294	0.000523665659617321
mtarjeta_master_consumo_rank_avg3	5.12315993262719e-05	0.000130142463549445	0.000161127895266868
vm_mpagospesos_rank_delta1	5.10654447357603e-05	0.000147115885684035	0.00040281973816717
mextraccion_autoservicio_rank_delta1	5.06871606620711e-05	0.000705085615054152	0.000483383685800604
cproductos_lag2	5.05609018919159e-05	0.000143504887098905	0.000443101711983887
Master_msaldopesos_rank_delta2	5.03772483655304e-05	0.000525133845228176	0.00040281973816717
ccaja_seguridad_lag1	5.0167871058059e-05	7.06268968031541e-05	4.0281973816717e-05
vmr_mconsumospesos_delta1	4.924520808966e-05	0.000508252913063331	0.00040281973816717
vm_mconsumototal_rank_delta1	4.88198457407028e-05	0.000287949584661408	0.00040281973816717
Master_fultimo_cierre_delta2	4.88180455024708e-05	0.000141788420207123	0.000322255790533736
vm_mconsumospesos_rank_lag1	4.83616234743246e-05	0.000159031532720781	0.000483383685800604
vm_fultimo_cierre_delta1	4.7596269619355e-05	9.03944668555012e-05	0.000322255790533736
Visa_mconsumototal_rank_lag1	4.72868858362996e-05	0.000190856077941215	0.000281973816717019
Visa_fultimo_cierre_delta1	4.68729198951797e-05	0.000126999101166483	0.00040281973816717
cpagomiscuentas_lag1	4.67365116873765e-05	0.000204395053605819	0.000483383685800604
mtarjeta_master_consumo_rank_lag1	4.61099975060925e-05	0.00188658058132191	0.000483383685800604
Visa_fechaalta_delta2	4.56218962006027e-05	0.000142430663641893	0.000241691842900302
cinversion2_lag2	4.5452689623503e-05	0.00278574537688443	0.000684793554884189
ccajas_extracciones_lag2	4.48200699127386e-05	0.000884588333111133	0.000362537764350453
ccuenta_debitos_automaticos_lag2	4.47912450844283e-05	0.00151183542689876	0.000563947633434038
ctarjeta_visa_debitos_automaticos_delta2	4.45628645619375e-05	0.000450372560338206	0.000322255790533736
ccheques_emitidos_avg3	4.42099435402604e-05	0.00188575379014377	0.000483383685800604
Master_mpagospesos_rank_delta1	4.41414231731185e-05	0.0010326107501575	0.000523665659617321
ccajas_otras_lag1	4.36761159431685e-05	0.00178325675142949	0.000563947633434038
ccajas_transacciones_lag1	4.3618131755261e-05	0.000224188555425384	0.000241691842900302
ctarjeta_visa_descuentos_avg3	4.25713212544789e-05	0.000832216536037327	0.000362537764350453
ctransferencias_emitidas_lag2	4.25388216214733e-05	0.000233482068600254	0.000362537764350453
cforex_avg3	4.22223937093033e-05	0.000190968016736373	0.000281973816717019
Master_mconsumototal_rank_delta1	4.11516376531695e-05	0.000216780713923395	0.000362537764350453
vm_mconsumototal_rank_lag2	4.11280139563422e-05	0.000125930928455155	0.000281973816717019
vmr_msaldototal_tend3	4.09809393585223e-05	0.000183361581117105	0.000322255790533736
Visa_mpagado_rank_lag2	4.06411216676001e-05	0.000656129247821038	0.000443101711983887
ccaja_seguridad_lag2	4.03074124149649e-05	6.73335623664471e-05	4.0281973816717e-05
active_quarter_avg3	4.01353693623498e-05	0.000177305432981362	0.000161127895266868
mprestamos_hipotecarios_rank_lag2	4.01185433427554e-05	0.00376894962754953	0.000926485397784491
Visa_fultimo_cierre_delta2	3.98169939948944e-05	9.41120017842854e-05	0.000201409869083585
vm_mconsumototal_rank_delta2	3.97661116675753e-05	0.000181247925990764	0.000483383685800604
Master_mconsumospesos_rank_delta1	3.96045395035292e-05	0.00032949292403909	0.000362537764350453
Visa_fultimo_cierre_tend3	3.91738967997957e-05	9.77316442918209e-05	0.000281973816717019
Visa_mpagado_rank	3.89720121334789e-05	0.000223577430111276	0.000161127895266868
catm_trx_lag1	3.87961076678876e-05	0.000318107149445834	0.000281973816717019
mttarjeta_master_debitos_automaticos_rank_lag1	3.87914494271761e-05	0.00015350439263629	0.000201409869083585
ccomisiones_otras_tend3	3.8779234959168e-05	9.02207240151395e-05	0.000241691842900302
matm_other_rank_lag1	3.80294230894787e-05	0.000425669310592001	0.000362537764350453
ctarjeta_master_avg3	3.79930215147426e-05	1.55041714236207e-05	4.0281973816717e-05
vm_mconsumototal_rank	3.78817857858003e-05	0.000521747372527544	0.000322255790533736
vm_mpagado_rank_lag1	3.76267341914874e-05	0.00102752898817498	0.00040281973816717
mextraccion_autoservicio_rank	3.75686532365468e-05	0.000245986798948974	0.000322255790533736
Master_fechaalta_delta2	3.72570775843416e-05	6.43159690544933e-05	0.000161127895266868
cpayroll_trx_tend3	3.70604176534544e-05	8.12293159283611e-05	4.0281973816717e-05
matm_rank_delta1	3.69647858747842e-05	0.000248659067560805	0.000281973816717019
vm_mconsumospesos_rank_delta2	3.69420205538167e-05	8.12435784003311e-05	0.000241691842900302
ccheques_emitidos_lag2	3.68977557059404e-05	0.00204518510427583	0.000523665659617321
vmr_Visa_mlimitecompra_delta1	3.64247062332907e-05	0.00125979204761792	0.000322255790533736
vm_msaldopesos_rank_lag1	3.57462631471878e-05	0.000336791636020702	0.000281973816717019
vm_mpagado_rank_lag2	3.56870890721047e-05	0.000606957430821953	0.000322255790533736
Visa_delinquency_lag1	3.56071425976542e-05	6.19421318637304e-05	0.000120845921450151
vm_mconsumosdolares_rank_lag1	3.50569241532578e-05	9.64337593425518e-05	0.000201409869083585
ctarjeta_debito_transacciones_tend3	3.41060833836387e-05	0.000372280339949062	0.000281973816717019
ccajas_depositos_lag1	3.32819423497607e-05	0.000939927372648878	0.000322255790533736
Master_mpagado_rank_delta2	3.31242049933005e-05	0.000979774558352431	0.000322255790533736
Visa_mpagosdolares_rank_lag1	3.30876570425988e-05	0.000500420222775084	0.000281973816717019
cdescubierto_preacordado_lag2	3.28303680960309e-05	9.71596327266002e-05	0.000120845921450151
Master_mconsumospesos_rank_delta2	3.27848648353224e-05	0.000141582262657738	0.000362537764350453
Master_mconsumospesos_rank_lag1	3.2559920375372e-05	0.000122340243087679	0.000201409869083585
Master_mconsumospesos_rank	3.25007195883659e-05	0.00019603119428572	0.000241691842900302
cseguro_vida_lag2	3.2303298860964e-05	0.000661056283592489	0.000281973816717019
ccajas_transacciones_delta2	3.20537298593331e-05	0.000429296300433582	0.000322255790533736
vmr_mconsumototal_lag1	3.19702939378669e-05	9.25493967113308e-05	0.000241691842900302
Master_cconsumos_delta1	3.18670416046611e-05	9.32767827818003e-05	0.000161127895266868
ctransferencias_emitidas_lag1	3.07238193944901e-05	0.000120726854970589	0.000281973816717019
vm_mconsumototal_rank_lag1	3.04681378878011e-05	4.98317804747871e-05	0.000201409869083585
ctarjeta_visa_debitos_automaticos_delta1	2.99113177493328e-05	0.000222896072927619	0.000201409869083585
vm_Fvencimiento_delta2	2.98998701687322e-05	9.80363425566344e-05	0.000201409869083585
thomebanking_lag1	2.98322373396258e-05	5.82524735847058e-05	0.000241691842900302
Visa_msaldodolares_rank_lag1	2.98030926537536e-05	0.000183891669658656	0.000241691842900302
Master_cconsumos_delta2	2.9670584470092e-05	7.92997763492694e-05	0.000120845921450151
Visa_msaldodolares_rank_delta1	2.96161019665681e-05	0.000170403693136248	0.000201409869083585
vmr_mconsumototal	2.92868155729024e-05	0.000155657809805698	0.000201409869083585
mcuenta_debitos_automaticos_rank_delta1	2.85038081150682e-05	0.000488438881928051	0.000281973816717019
ccuenta_debitos_automaticos_delta2	2.82583700542102e-05	0.000438908342149115	0.000161127895266868
cplazo_fijo_avg3	2.79413070217192e-05	0.000283367873590079	0.000161127895266868
vmr_mpagado_delta2	2.72711179800589e-05	0.000411362970715799	0.000241691842900302
Master_cconsumos_lag2	2.69352683552672e-05	6.86202102165884e-05	0.000241691842900302
Visa_mpagado_rank_delta1	2.68639839178086e-05	9.54394921677953e-05	0.000201409869083585
vmr_msaldodolares2_lag2	2.68444007201018e-05	0.000211379342909911	0.000201409869083585
mpagomiscuentas_rank_delta2	2.59096485661806e-05	0.000497228670524708	0.000241691842900302
ctarjeta_debito_tend3	2.58095841367938e-05	0.000466285373193573	0.000120845921450151
Visa_mpagosdolares_rank	2.53650203663647e-05	0.000212157512024516	0.000241691842900302
vm_status03_tend3	2.49915690247284e-05	0.000601079779683896	0.000161127895266868
mttarjeta_master_debitos_automaticos_rank_lag2	2.46554746155236e-05	0.000146769480493612	0.000120845921450151
mforex_buy_rank_delta1	2.38967529137218e-05	0.0018005435157513	0.000443101711983887
tcallcenter_tend3	2.3861188250817e-05	0.000184364492214267	0.000120845921450151
vmr_mconsumototal_avg3	2.33165997738124e-05	0.000273536708441552	0.000201409869083585
tcuentas_avg3	2.25335964661226e-05	0.00213027587644104	0.000523665659617321
vmr_mpagado_tend3	2.17011341083326e-05	6.18582858163917e-05	0.000120845921450151
Visa_msaldodolares_rank_delta2	2.16251153194776e-05	0.000225992542031528	0.000161127895266868
cpagomiscuentas_tend3	2.11592281068401e-05	0.00052653805042304	0.000161127895266868
thomebanking_delta1	2.10172294321272e-05	0.000272811483351684	0.000161127895266868
mcheques_emitidos_rechazados_rank_delta2	2.10071118246049e-05	0.00229414325155189	0.000563947633434038
vm_mconsumosdolares_rank_delta1	2.09100143038449e-05	0.000301791097610224	0.000120845921450151
vmr_mconsumosdolares_delta2	2.07865558066058e-05	0.000165316528702224	0.000161127895266868
ccajas_transacciones_tend3	2.06627644084935e-05	0.000423268461143719	0.000201409869083585
Master_mpagosdolares_rank	2.0651751703744e-05	2.71738988679153e-05	8.0563947633434e-05
ccajas_extracciones_lag1	2.02103859160562e-05	0.00017016468868172	0.000120845921450151
Visa_Finiciomora_avg3	2.01204564358667e-05	0.000308445189078406	8.0563947633434e-05
mforex_sell_rank	1.9916313604911e-05	0.000676301137343928	0.000281973816717019
cseguro_accidentes_personales	1.99107279965305e-05	0.000110058309838976	0.000161127895266868
ctarjeta_debito_lag1	1.93450653824236e-05	0.000119938313149097	0.000161127895266868
cextraccion_autoservicio	1.92587865471599e-05	4.71914943758576e-05	0.000161127895266868
cseguro_vivienda	1.90742474095916e-05	0.000230387976575007	0.000161127895266868
ctarjeta_master_transacciones_delta2	1.8849678943002e-05	0.000301997039061549	0.000161127895266868
ccuenta_debitos_automaticos	1.8732400168339e-05	4.81176906616664e-05	0.000241691842900302
Master_mconsumototal_rank	1.86476473912154e-05	6.48603200680146e-05	0.000161127895266868
mprestamos_prendarios_rank_avg3	1.86200653829498e-05	0.000163867375110849	4.0281973816717e-05
Visa_fechaalta_delta1	1.83428828671576e-05	3.22792155389916e-05	0.000120845921450151
cextraccion_autoservicio_lag2	1.81780607694548e-05	4.37721747700824e-05	0.000201409869083585
vmr_mpagado_lag2	1.81042617150054e-05	0.000140387240385101	0.000120845921450151
cforex_buy_tend3	1.80362005317034e-05	0.00129992059299579	0.000322255790533736
ccajas_otras_avg3	1.79980604077256e-05	0.000329409077991751	0.000161127895266868
cseguro_accidentes_personales_lag1	1.76475057094849e-05	0.000105714090535753	0.000120845921450151
matm_rank_lag1	1.74311989947491e-05	8.55551668964713e-05	0.000241691842900302
cliente_edad_delta2	1.73514966562516e-05	0.000253876755223161	0.000161127895266868
mtarjeta_master_consumo_rank_tend3	1.72065925839816e-05	0.000240684184748979	0.000120845921450151
mtarjeta_master_consumo_rank_delta1	1.68146404912439e-05	9.9026503868248e-05	0.000120845921450151
ccaja_ahorro_lag2	1.63130762653625e-05	0.000232054308716834	0.000120845921450151
ctransferencias_emitidas_tend3	1.62679608138835e-05	0.000155047548883831	0.000161127895266868
mtarjeta_master_consumo_rank_lag2	1.60607365142762e-05	5.07331254836785e-05	0.000120845921450151
vmr_mconsumosdolares_lag2	1.59331501865566e-05	5.4179889543093e-05	0.000201409869083585
catm_trx_other_delta2	1.55754278113462e-05	7.54279474055372e-05	0.000120845921450151
ccajas_transacciones	1.54794807699169e-05	8.83372133228601e-05	0.000120845921450151
vmr_mconsumosdolares_lag1	1.52113031782747e-05	0.000204491433340646	0.000201409869083585
Visa_msaldodolares_rank_lag2	1.51661094391378e-05	3.22530676737133e-05	8.0563947633434e-05
Visa_mpagado_rank_lag1	1.51652088577911e-05	5.42924766324318e-05	0.000120845921450151
ctarjeta_master_transacciones_lag1	1.46785430807836e-05	0.000163428696048742	0.000161127895266868
ccallcenter_transacciones_lag1	1.46413447941086e-05	0.000950198729545933	0.000322255790533736
matm_rank	1.45169117540198e-05	8.95430404985048e-05	0.000201409869083585
vm_mpagado_rank_delta2	1.45147816182687e-05	5.21933000761214e-05	8.0563947633434e-05
vm_status03_delta2	1.44989342916683e-05	0.000384438016813179	0.000120845921450151
cextraccion_autoservicio_tend3	1.40779937734081e-05	0.000350594467416751	0.000161127895266868
mv_status07_rank_delta1	1.39591327098533e-05	0.000864103533597144	0.000241691842900302
Master_fechaalta_delta1	1.38786659165647e-05	9.12056989733095e-05	0.000161127895266868
vm_status01_lag1	1.38569149483723e-05	0.000117981113018306	4.0281973816717e-05
ctarjeta_master_debitos_automaticos_avg3	1.37038036690041e-05	0.000278750506338825	0.000120845921450151
ctarjeta_master_transacciones_lag2	1.36249669320643e-05	2.2608179053037e-05	8.0563947633434e-05
ccajas_transacciones_lag2	1.35840734836797e-05	3.74629758059028e-05	0.000120845921450151
cseguro_vida_avg3	1.35701275161174e-05	0.000284689097129844	0.000120845921450151
mforex_sell_rank_lag2	1.35687218029028e-05	6.69510687999792e-05	8.0563947633434e-05
Master_mpagado_rank_lag2	1.31777331365564e-05	0.000367041474676812	0.000120845921450151
cseguro_vida	1.30314808602163e-05	2.41262679256004e-05	8.0563947633434e-05
ctarjeta_visa_descuentos_lag1	1.29966670770189e-05	2.20502138617262e-05	8.0563947633434e-05
mplazo_fijo_dolares_rank_lag2	1.29004081818777e-05	0.000427868540550162	0.000120845921450151
vmr_mconsumototal_delta1	1.28206019415494e-05	5.59849566395374e-05	8.0563947633434e-05
ccajas_consultas_lag2	1.26823126066624e-05	3.25117370517144e-05	8.0563947633434e-05
ccajas_extracciones	1.217317466359e-05	0.000279860818171882	0.000120845921450151
mtarjeta_visa_descuentos_rank_delta1	1.21069579230593e-05	5.76097979538156e-05	8.0563947633434e-05
ccomisiones_mantenimiento_lag1	1.20865074933809e-05	9.95948417664461e-05	8.0563947633434e-05
tcallcenter_lag2	1.19795864324771e-05	4.67824207479911e-05	8.0563947633434e-05
Master_mpagosdolares_rank_delta2	1.15151496953266e-05	7.182019029131e-06	4.0281973816717e-05
ctransferencias_emitidas_delta1	1.13522276782691e-05	0.00010211238416721	0.000120845921450151
catm_trx_other_lag2	1.12521648237139e-05	9.03238027898317e-05	0.000120845921450151
Visa_mpagosdolares_rank_lag2	1.12248968924519e-05	0.000129919234253308	0.000120845921450151
cpagomiscuentas_lag2	1.08626476800157e-05	4.67428748029833e-05	8.0563947633434e-05
cpayroll_trx_delta1	1.07960811415952e-05	0.000129009029223951	8.0563947633434e-05
Visa_msaldodolares_rank	1.07279375853368e-05	0.00047720264719242	0.000201409869083585
Master_mconsumototal_rank_lag1	1.07091622947688e-05	4.98806186363813e-05	8.0563947633434e-05
Master_cconsumos	1.06608491291963e-05	0.000157667521765106	8.0563947633434e-05
Master_mconsumosdolares_rank_lag2	1.06140406874276e-05	2.59125344908117e-05	4.0281973816717e-05
Master_mconsumototal_rank_lag2	1.04938044809186e-05	0.000116537361878434	8.0563947633434e-05
Visa_delinquency_tend3	1.0401479774501e-05	7.56235161499742e-06	4.0281973816717e-05
vmr_Visa_mlimitecompra_tend3	1.03633537313704e-05	0.0006748050904735	0.000201409869083585
vm_mpagosdolares_rank_delta2	1.03509573981036e-05	0.000156776981659222	8.0563947633434e-05
vm_msaldodolares_rank	1.02307226737891e-05	4.53257037245106e-05	8.0563947633434e-05
vmr_mconsumototal_delta2	9.84108355475142e-06	5.4872267727818e-05	0.000120845921450151
vm_fechaalta_delta1	9.75633418667498e-06	1.59374480342242e-05	8.0563947633434e-05
vm_status03_delta1	9.7173358721117e-06	0.000273174095896618	8.0563947633434e-05
vmr_msaldodolares_lag1	9.66486974591506e-06	3.70145723310887e-05	8.0563947633434e-05
vmr_mconsumototal_tend3	9.25330881350661e-06	0.000384906733505647	0.000120845921450151
vmr_Visa_mlimitecompra_delta2	9.24582580661585e-06	3.74441752746696e-05	4.0281973816717e-05
vmr_mpagado_lag1	9.17498876955148e-06	6.62975882660814e-05	8.0563947633434e-05
mforex_sell_rank_delta1	9.02476688004044e-06	0.000298176641456133	8.0563947633434e-05
ccajas_depositos_delta2	8.91387338979628e-06	0.000443130898244473	0.000120845921450151
Master_status_delta1	8.7691734157017e-06	0.000289237313001851	8.0563947633434e-05
vm_status05	8.73420607715952e-06	4.90242220240014e-05	4.0281973816717e-05
catm_trx_other_lag1	8.44090202879403e-06	3.17692241170343e-05	8.0563947633434e-05
ctarjeta_visa_descuentos_tend3	8.33359455979764e-06	0.000645493549594568	0.000161127895266868
ccheques_depositados_lag2	8.21565145631935e-06	4.46184147736352e-05	4.0281973816717e-05
matm_other_rank_delta1	8.15758678525328e-06	3.16512345761917e-05	4.0281973816717e-05
catm_trx_delta2	8.05977825581654e-06	3.71200281844426e-05	8.0563947633434e-05
thomebanking_tend3	7.83002062646402e-06	5.15584039753966e-05	4.0281973816717e-05
catm_trx	7.7569110888718e-06	2.00048457223934e-05	4.0281973816717e-05
mttarjeta_master_debitos_automaticos_rank_delta2	7.67885117004231e-06	0.000419895818718937	0.000120845921450151
cinversion1_lag2	7.66951497543307e-06	0.000136264737691593	4.0281973816717e-05
mv_status07_rank_lag2	7.59380403836495e-06	0.000447355831418492	0.000161127895266868
Master_cconsumos_lag1	7.55852173350255e-06	1.37213624273718e-05	4.0281973816717e-05
ccallcenter_transacciones_lag2	7.50652916843208e-06	0.000422764304369386	0.000120845921450151
ccajas_depositos_delta1	7.44982974667217e-06	0.0002674665139319	8.0563947633434e-05
minversion1_pesos_rank_delta2	7.2265829528719e-06	0.000819336875554245	0.000201409869083585
vm_mpagosdolares_rank_lag1	7.07574258067253e-06	0.000242888168864463	0.000120845921450151
Visa_Finiciomora_tend3	6.9594715036963e-06	0.00030128499595335	8.0563947633434e-05
vm_Fvencimiento_delta1	6.9176997068817e-06	7.07008023397259e-06	4.0281973816717e-05
cforex_lag1	6.85045906642624e-06	2.78241379309108e-05	4.0281973816717e-05
vmr_msaldodolares_lag2	6.80658507322588e-06	0.00014396928183017	8.0563947633434e-05
vmr_mpagosdolares_tend3	6.65176734338957e-06	0.000111362461631989	4.0281973816717e-05
vmr_Master_mlimitecompra_tend3	6.64755435389025e-06	3.3012220159025e-05	4.0281973816717e-05
cforex_sell_avg3	6.53134378750236e-06	3.69473658343816e-05	4.0281973816717e-05
cpagodeservicios_avg3	6.4388806441233e-06	0.0002979024130178	8.0563947633434e-05
vm_mconsumosdolares_rank_delta2	6.42899588934881e-06	1.76541310240667e-05	4.0281973816717e-05
vm_mpagado_rank_delta1	6.37866649466858e-06	2.17883030128227e-05	4.0281973816717e-05
tcallcenter_lag1	6.36337321235291e-06	2.29163348868129e-05	4.0281973816717e-05
cplazo_fijo_lag2	6.34590851517076e-06	0.000306717485087495	8.0563947633434e-05
vm_status03_avg3	6.32885112502294e-06	9.09621564595189e-06	4.0281973816717e-05
Master_delinquency_delta2	6.24222930996391e-06	7.56105502663651e-06	4.0281973816717e-05
Master_delinquency	6.09876474494184e-06	0.000157023549545855	4.0281973816717e-05
cinversion2_lag1	5.8786437510132e-06	0.000316050328109313	8.0563947633434e-05
cplazo_fijo_lag1	5.87113702901127e-06	4.24662941925876e-05	4.0281973816717e-05
Master_mconsumosdolares_rank_delta1	5.79173112940345e-06	1.73708264672083e-05	4.0281973816717e-05
mcheques_emitidos_rank_lag1	5.77596813966717e-06	0.000491602125332547	0.000120845921450151
vm_status01_delta2	5.4506378712029e-06	6.84620264365576e-06	4.0281973816717e-05
vmr_mpagosdolares_delta2	5.41474742195843e-06	0.000244905228157916	8.0563947633434e-05
vmr_mconsumosdolares_tend3	5.30136132531087e-06	2.92598934425565e-05	4.0281973816717e-05
vm_msaldodolares_rank_delta2	5.29175729816486e-06	3.45778506048218e-05	4.0281973816717e-05
ccajas_extracciones_delta1	5.04316660971569e-06	0.000256140166305186	8.0563947633434e-05
vm_msaldodolares_rank_delta1	4.94667990128777e-06	1.21174826249283e-05	4.0281973816717e-05
Visa_status_delta1	4.75845128529925e-06	1.03724907892059e-05	4.0281973816717e-05
ctarjeta_visa_descuentos_delta1	4.32686501658008e-06	2.41787797542172e-05	4.0281973816717e-05
Visa_Finiciomora_lag1	4.31303243689303e-06	0.00031815858078415	8.0563947633434e-05
mforex_sell_rank_delta2	3.98804929836851e-06	9.64800043274242e-05	4.0281973816717e-05
mttarjeta_master_debitos_automaticos_rank	3.97867323272861e-06	0.000103099952302101	4.0281973816717e-05
mtarjeta_master_consumo_rank_delta2	3.75874699915046e-06	0.000118285595185059	4.0281973816717e-05
ctarjeta_master_debitos_automaticos	3.66643355741066e-06	0.000118501909343271	4.0281973816717e-05
mcaja_ahorro_adicional_rank_lag2	3.02281255479399e-06	0.00031881508669089	8.0563947633434e-05
catm_trx_other_tend3	2.96005080952184e-06	3.51148542842979e-05	4.0281973816717e-05
mv_status07_rank	2.80012351076454e-06	1.35158531721678e-05	4.0281973816717e-05
Visa_Fvencimiento_delta1	2.74761706887891e-06	1.34622608532503e-05	4.0281973816717e-05
ccaja_ahorro_lag1	2.74017289548269e-06	0.000127471275427914	4.0281973816717e-05
catm_trx_delta1	2.67228246098117e-06	0.000139107507672885	4.0281973816717e-05
ccajas_depositos_lag2	2.53326418286456e-06	0.000132923645583593	4.0281973816717e-05
vm_status05_delta1	2.51059727960841e-06	0.000158304794944492	4.0281973816717e-05
cpayroll_trx_delta2	2.08144684924527e-06	1.66000046866483e-05	4.0281973816717e-05
Master_mconsumototal_rank_delta2	1.61885974254652e-06	0.000156975575776501	4.0281973816717e-05
ccuenta_debitos_automaticos_lag1	1.56822990705165e-06	7.0798046466794e-06	4.0281973816717e-05
vmr_msaldodolares2_delta1	6.48893094158896e-07	4.05901308343534e-05	4.0281973816717e-05
catm_trx_other	1.47068576404959e-07	2.38851024904715e-05	4.0281973816717e-05
mcajeros_propios_descuentos_rank_lag1	6.02846602237359e-08	3.08231468096916e-05	4.0281973816717e-05
