Feature	Gain	Cover	Frequency
azar_under	0.468903694564695	0.0248090625256956	0.00725713343229424
ctrx_quarter_normalizado_lag1	0.171213184876629	0.00438286290508403	0.00362856671614712
ctarjeta_visa_avg3	0.0332819861166126	0.000446606065938919	0.00032986970146792
cdescubierto_preacordado_tend3	0.0279498194423382	0.00798200398767008	0.00131947880587168
mcaja_ahorro_rank_avg3	0.0209459337661138	0.0104855676891414	0.00791687283523009
mautoservicio_rank	0.015217219082753	0.00808165435249068	0.00643245917862444
mcaja_ahorro_rank	0.0149514668327946	0.0143410774596064	0.00676232888009236
ctrx_quarter_normalizado_avg3	0.0147735294940955	0.009316069817141	0.00362856671614712
ctrx_quarter	0.012868117771176	0.00373824423079075	0.0032986970146792
ctrx_quarter_normalizado	0.0100935097279262	0.0147049461467182	0.0049480455220188
mcuentas_saldo_rank_lag2	0.0100333325510442	0.00240085811756969	0.00280389246247732
Visa_msaldopesos_rank	0.00852606361604672	0.0121376971707955	0.0057727197756886
ctrx_quarter_normalizado_delta1	0.00821671584402441	0.00367517279031001	0.00808180768596404
Visa_msaldototal_rank	0.00785348624590845	0.00408924100554896	0.00214415305954148
mcuenta_corriente_rank_avg3	0.00690111369084425	0.00149120267569112	0.0032986970146792
mcaja_ahorro_rank_lag1	0.00676943346155148	0.00304915514542931	0.00527791522348672
cpayroll_trx	0.00497717470509277	0.017815484689209	0.00181428335807356
mcaja_ahorro_dolares_rank_lag2	0.00458898206006297	0.00134725395932444	0.00148441365660564
mcuenta_corriente_rank_lag1	0.00433287373084815	0.0018183017779115	0.00428830611908296
vm_msaldototal_rank	0.00397335960463493	0.00673898554691644	0.004123371268349
mcuentas_saldo_rank	0.00375407262106422	0.017342251249666	0.00923635164110176
mpayroll_sobre_edad_rank	0.00370014453201042	0.0222931012381208	0.00395843641761504
cproductos	0.00325748861053995	0.00524837810416653	0.00263895761174336
ctrx_quarter_lag1	0.00287859163791577	0.00620512670226042	0.004123371268349
mprestamos_personales_rank	0.00272483929334422	0.00719922151715744	0.00313376216394524
Visa_cconsumos_tend3	0.0026120682356275	0.00407591336797484	0.00214415305954148
vm_status05_delta2	0.0022420016803871	0.00316142630870635	0.00016493485073396
mprestamos_personales_rank_lag1	0.00209902009733947	0.00156673680587829	0.00197921820880752
mprestamos_personales_rank_delta1	0.00191139262370402	0.00676568267438086	0.00395843641761504
vmr_mpagospesos	0.00184449786722829	0.00284895691611896	0.00379350156688108
vm_Finiciomora_avg3	0.00174219917935246	0.00400328564863338	0.00065973940293584
ctarjeta_visa_transacciones	0.00173683818715503	0.00553384345230418	0.00346363186541316
ctrx_quarter_normalizado_delta2	0.00173230132724263	0.00299159891016941	0.00527791522348672
mcuenta_corriente_rank_delta2	0.00171055249409601	0.00260386510232133	0.00313376216394524
cprestamos_personales	0.00159447572484215	0.00630846007090471	0.00280389246247732
ctrx_quarter_delta1	0.00155623871670347	0.00676606399548382	0.00841167738743197
mprestamos_personales_rank_delta2	0.00146376152871506	0.00691110087207113	0.00280389246247732
vm_msaldopesos_rank	0.00134814942640934	0.00412322973654311	0.00461817582055088
ctarjeta_debito_transacciones	0.00134291818983724	0.00539012724880517	0.00709219858156028
mpasivos_margen_rank	0.00133521586914608	0.0034395675015128	0.004123371268349
Visa_Finiciomora	0.00130235768412388	0.00537469304465007	0.000989609104403761
ccomisiones_mantenimiento_delta2	0.00129705185062383	0.00592188417713757	0.00214415305954148
cprestamos_personales_tend3	0.00120502976387667	0.000574567197525475	0.00032986970146792
vmr_mpagospesos_avg3	0.00117840221970991	0.00284839888523659	0.00263895761174336
foto_mes	0.00115577194612296	0.0037586356092843	0.00478311067128484
mtarjeta_visa_consumo_rank	0.00112162665681161	0.00505331375897405	0.00313376216394524
mprestamos_personales_rank_tend3	0.00108762105427893	0.00268128258673653	0.00131947880587168
vm_Finiciomora_delta1	0.00106950232289402	0.00144543949307879	0.00049480455220188
Visa_fechaalta_delta2	0.000976805705017572	0.000284358586887608	0.00065973940293584
mpayroll_rank_lag1	0.000972165559366223	0.00557531909763691	0.00478311067128484
mrentabilidad_annual_rank_avg3	0.000932433328879433	0.00246043721477821	0.00610258947715652
mcaja_ahorro_rank_delta2	0.000928189380266226	0.00236952933378153	0.00544285007422068
mcuentas_saldo_rank_tend3	0.00092078962940724	0.00267490708390537	0.00379350156688108
mcuentas_saldo_rank_delta2	0.000902470168404931	0.00472587053770954	0.00560778492495464
ccomisiones_mantenimiento_avg3	0.000890214556120055	0.00219393561612669	0.00065973940293584
cdescubierto_preacordado_lag2	0.000889043973501685	0.00426972679393931	0.000989609104403761
cprestamos_personales_avg3	0.000794475737353431	0.00297946638873505	0.00115454395513772
mcomisiones_rank_lag2	0.000768425642138476	0.00285014273174402	0.00527791522348672
active_quarter_avg3	0.00076235443525484	4.44890120975608e-05	0.00016493485073396
mrentabilidad_annual_rank_delta1	0.000759909630734793	0.00276687522357856	0.00478311067128484
mactivos_margen_rank	0.00075909822594152	0.00510603372658669	0.0049480455220188
cproductos_tend3	0.000720922128480434	0.00373776990454073	0.0008246742536698
Visa_fechaalta	0.000707359998911413	0.00133312182722823	0.00346363186541316
ccomisiones_mantenimiento_delta1	0.000697884123473742	0.00425735710937994	0.00115454395513772
ctrx_quarter_delta2	0.000675363870520669	0.00426522069456411	0.00610258947715652
mpayroll_rank_delta2	0.000673513928277178	0.00550020349061152	0.00362856671614712
Visa_mpagospesos_rank	0.000670205046753556	0.00447844429472063	0.00263895761174336
mcuentas_saldo_rank_delta1	0.000657430675138854	0.00327517625382169	0.00346363186541316
vm_Finiciomora	0.000655406004012048	0.0053248748376258	0.000989609104403761
mprestamos_personales_rank_avg3	0.00065056942131167	0.00149454156047068	0.00131947880587168
mcomisiones_otras_rank_lag2	0.000641521758930324	0.00194107322229195	0.00362856671614712
mpayroll_rank	0.000631543642371194	0.00830941930739048	0.00379350156688108
ccaja_seguridad	0.000617129356735442	0.00148167894863187	0.00065973940293584
mtransferencias_recibidas_rank	0.000605194195125906	0.00364502982214691	0.00395843641761504
vm_fultimo_cierre_delta1	0.00060145585028929	0.00177497067989488	0.00049480455220188
mtarjeta_visa_consumo_rank_avg3	0.000577443826513291	0.000663303408338233	0.00065973940293584
vm_status05_lag1	0.000571144393886748	0.00206823915987111	0.00049480455220188
mpasivos_margen_rank_avg3	0.000530167026013343	0.00283468992655951	0.00461817582055088
ccaja_ahorro	0.000528120090351456	0.00799957731020763	0.00181428335807356
mrentabilidad_annual_rank	0.000524884882380137	0.0022184796744366	0.0057727197756886
mcuenta_debitos_automaticos_rank	0.000514427527692478	0.00597337182655161	0.00131947880587168
vm_status01_avg3	0.000511136340071107	0.000149942898094884	0.00016493485073396
mpagomiscuentas_rank	0.000487048002763587	0.00484405217808242	0.00230908791027544
Visa_status_delta1	0.000481354002035139	0.000139805337065022	0.00032986970146792
mactivos_margen_rank_lag2	0.000477051820705285	0.00146163633943981	0.00346363186541316
mttarjeta_visa_debitos_automaticos_rank_delta2	0.000463234069388023	0.00336192680474465	0.00395843641761504
cliente_edad	0.000458383877717057	0.00940734971872593	0.0057727197756886
Visa_mlimitecompra_rank_lag1	0.000457519646055025	0.000768417825548776	0.0016493485073396
Visa_fechaalta_lag1	0.000447107436620487	0.000803438913675329	0.00263895761174336
mpayroll_rank_lag2	0.000435170595830532	0.00194869964435111	0.00197921820880752
ccaja_ahorro_delta2	0.000433578224814764	0.00457905726281332	0.00065973940293584
mrentabilidad_rank_lag2	0.000433152362983785	0.001875839412142	0.00379350156688108
mcuenta_corriente_rank_lag2	0.00043041909355863	0.00141521282028334	0.00362856671614712
mcomisiones_mantenimiento_rank	0.000422546668350777	0.00405552198948129	0.00296882731321128
mpayroll_rank_delta1	0.000422013061619876	0.00962991568590492	0.00461817582055088
mcuenta_corriente_rank_delta1	0.000413377874779648	0.00143989638631384	0.00296882731321128
mactivos_margen_rank_tend3	0.000409022788016214	0.000910906361106564	0.00214415305954148
cdescubierto_preacordado_avg3	0.00039663164719309	0.00327927313054981	0.00181428335807356
Visa_mpagominimo_rank	0.000393707055120363	0.00721922692429068	0.0032986970146792
mcaja_ahorro_rank_lag2	0.000389960227416954	0.00183428471243427	0.00346363186541316
ccaja_ahorro_delta1	0.000386941627897792	0.00320430168150237	0.00032986970146792
mrentabilidad_annual_rank_delta2	0.000386712472296318	0.00223942443355517	0.00461817582055088
mcuentas_saldo_rank_lag1	0.000381959946944953	0.00190171344405491	0.0032986970146792
cproductos_delta1	0.000378995096098413	0.00209500604119583	0.00065973940293584
ccaja_seguridad_avg3	0.000378799884008507	0.00480133491403641	0.0008246742536698
vm_status05_avg3	0.000371377902078382	0.00412179280702099	0.00115454395513772
mrentabilidad_annual_rank_lag1	0.000371059340876908	0.00154935879414958	0.00362856671614712
cliente_edad_lag2	0.000370741215799758	0.00303618557767138	0.00280389246247732
mrentabilidad_rank	0.000366289811538365	0.00147106706135199	0.00395843641761504
ctarjeta_visa_transacciones_tend3	0.000362277936523298	0.00266228628544892	0.0008246742536698
mrentabilidad_rank_delta1	0.00035527849905502	0.00127756055237282	0.004123371268349
numero_de_cliente	0.000354466703632172	0.00197636402534498	0.00461817582055088
mactivos_margen_rank_lag1	0.000342905715662607	0.00174844561195252	0.00428830611908296
mtarjeta_visa_consumo_rank_delta2	0.000340440240060545	0.00127342647358587	0.000989609104403761
mcaja_ahorro_dolares_rank	0.000339163940757374	0.000569782082709087	0.0008246742536698
Master_fechaalta	0.000323009805132255	0.00118418803497898	0.00362856671614712
mpasivos_margen_rank_delta2	0.000322691286901235	0.000912333990113981	0.00362856671614712
mcuenta_corriente_rank	0.00032194403180661	0.00198931964233085	0.00197921820880752
ctarjeta_debito_transacciones_lag1	0.000321777921136746	0.000904702917797466	0.00313376216394524
cliente_antiguedad	0.000318619700541419	0.00505856389952576	0.00478311067128484
mrentabilidad_rank_delta2	0.000318462020672468	0.000540513362928377	0.00214415305954148
chomebanking_transacciones	0.000317034468819372	0.00128641929263057	0.00379350156688108
cpayroll_trx_avg3	0.000310490139602733	0.00232804903819146	0.00131947880587168
vmr_mpagominimo_tend3	0.000310310437650831	0.0035781544711513	0.00131947880587168
Visa_mlimitecompra_rank_delta2	0.000305890612229319	0.00232546349510311	0.00296882731321128
vmr_mconsumospesos_avg3	0.000301572583711096	0.000981604223646464	0.00296882731321128
vm_mpagominimo_rank	0.000299218202694468	0.0027390015810038	0.00280389246247732
cprestamos_personales_delta2	0.000297432892349315	0.00253858478959785	0.00115454395513772
chomebanking_transacciones_avg3	0.000296457653140095	0.000488746698073141	0.00214415305954148
Visa_mlimitecompra_rank_lag2	0.000292865746555832	0.00262950662136659	0.0032986970146792
mcomisiones_otras_rank_lag1	0.000290587606534865	0.00136245565061188	0.004123371268349
Visa_Fvencimiento	0.000287028349593786	0.00131265604461702	0.0032986970146792
mrentabilidad_rank_avg3	0.00028400646520895	0.00152978586095018	0.00263895761174336
mtransferencias_emitidas_rank	0.000283363975337554	0.00236369326080333	0.00280389246247732
Master_fultimo_cierre	0.000281825659839623	0.000509742610022601	0.00214415305954148
mcomisiones_rank_avg3	0.000280916436130747	0.00102590257519255	0.00148441365660564
azar_sampling	0.000277237642264029	0.00126495370468844	0.00362856671614712
Master_mfinanciacion_limite_rank_delta1	0.000276782990383993	0.00124694790821705	0.00346363186541316
Visa_mfinanciacion_limite_rank_delta1	0.000274027805834124	0.00115456589563943	0.00313376216394524
ccallcenter_transacciones_delta2	0.000273174484629835	0.00268585843997203	0.0008246742536698
cliente_antiguedad_lag2	0.000272825779373129	0.00287139905810525	0.004123371268349
Master_Finiciomora	0.000271397041155802	0.00133518189123567	0.00049480455220188
cliente_edad_avg3	0.00027089699580611	0.00365938516659607	0.00230908791027544
ctarjeta_visa_transacciones_delta2	0.000270157702688944	0.00206211942119437	0.00214415305954148
Master_delinquency_delta2	0.000268918907453891	0.00245634033805009	0.00032986970146792
chomebanking_transacciones_lag2	0.000263554137980084	0.00074332038661384	0.00214415305954148
Visa_delinquency_tend3	0.00026088650919391	0.00117370170464763	0.00049480455220188
mcomisiones_rank	0.00026071830712797	0.000921527548901153	0.00346363186541316
vmr_mpagominimo_delta2	0.000260078165361895	0.00340735516882755	0.00214415305954148
ctarjeta_visa_debitos_automaticos_avg3	0.000259421474803963	0.000675821901132906	0.00181428335807356
vmr_msaldototal_avg3	0.00025830725246637	0.000874192579303466	0.00181428335807356
chomebanking_transacciones_lag1	0.000258086988124599	0.000554919860208428	0.00230908791027544
mcuenta_debitos_automaticos_rank_delta2	0.000257243331967266	0.00133031772204428	0.00131947880587168
Visa_fultimo_cierre_lag1	0.000256686805532581	0.000651431301315648	0.00115454395513772
Master_Fvencimiento_avg3	0.000256498174755972	0.000953344609711387	0.0032986970146792
mrentabilidad_rank_lag1	0.000251180526055165	0.000533658883589838	0.00214415305954148
Master_mfinanciacion_limite_rank_lag2	0.000249341672369033	0.000908125507209382	0.00263895761174336
ctrx_quarter_tend3	0.000245266440723137	0.00199423031409577	0.00181428335807356
Visa_status	0.000244635548935133	0.00092409449096009	0.00032986970146792
Visa_mconsumospesos_rank_lag2	0.000244393881913093	0.000816868856911218	0.00214415305954148
vm_fechaalta_delta2	0.000243764846371218	0.000314752668947779	0.00049480455220188
mpayroll_sobre_edad_rank_delta2	0.000243469530292269	0.00108099417405528	0.0008246742536698
ctransferencias_recibidas_avg3	0.000241062373938194	0.000808814611175567	0.00230908791027544
ctrx_quarter_normalizado_lag2	0.000240049545731221	0.000120488168020048	0.0008246742536698
mprestamos_personales_rank_lag2	0.000236977917983646	0.00120810895880357	0.000989609104403761
ctrx_quarter_avg3	0.000235236533537359	0.003518314959531	0.0032986970146792
mpayroll_sobre_edad_rank_lag2	0.000231543366425758	0.00232142707172057	0.0016493485073396
mtransferencias_recibidas_rank_lag2	0.000230686275545434	0.0023060207691096	0.00346363186541316
vm_Fvencimiento_avg3	0.000230147349791473	0.00113775056505045	0.0024740227610094
Visa_delinquency_avg3	0.000227196174870581	0.00110219469732828	0.00049480455220188
mcomisiones_otras_rank_delta1	0.000227176913118472	0.00124172101895211	0.00263895761174336
mcaja_ahorro_rank_delta1	0.000225017873741273	0.00314792196135281	0.00379350156688108
mcaja_ahorro_dolares_rank_delta1	0.000224540833128746	0.0025899329312913	0.00197921820880752
ccomisiones_mantenimiento	0.000222225093037181	0.00233799128841249	0.00131947880587168
chomebanking_transacciones_delta1	0.000220460484349004	0.00101438853798615	0.00296882731321128
vm_fultimo_cierre	0.000219661332390794	0.00137554147480364	0.00296882731321128
Master_mfinanciacion_limite_rank_lag1	0.000217643519353419	0.00138666024013501	0.00263895761174336
vm_mpagospesos_rank_lag2	0.00021503552700309	0.0022529008793646	0.00395843641761504
ctransferencias_emitidas_avg3	0.000214892159955318	0.000699738174700143	0.00148441365660564
cplazo_fijo	0.000213414707757587	0.00194855083611581	0.00049480455220188
mpasivos_margen_rank_tend3	0.000211818509768109	0.00057429283234164	0.00181428335807356
Visa_mfinanciacion_limite_rank_lag2	0.000208874210384261	0.00159295030657798	0.00296882731321128
Master_Fvencimiento_lag1	0.000206042074281312	0.000989007433352674	0.00296882731321128
mprestamos_prendarios_rank_lag2	0.000205883123347232	0.00273808083004787	0.00049480455220188
mcaja_ahorro_dolares_rank_tend3	0.000205501379016186	0.00229769215819011	0.00214415305954148
ctarjeta_master_transacciones	0.000204241238338625	0.00230365378811685	0.00032986970146792
mttarjeta_visa_debitos_automaticos_rank_lag2	0.000204097101166864	0.00131375350535237	0.00230908791027544
cliente_edad_lag1	0.000202167165975073	0.00550729048281771	0.00313376216394524
Master_status_delta1	0.000199556391576826	0.000363840785567603	0.00016493485073396
cproductos_delta2	0.000198500005633795	0.000760298476210181	0.00065973940293584
Visa_mfinanciacion_limite_rank	0.000197062388052994	0.000425061423621788	0.00131947880587168
vm_cconsumos_avg3	0.000195516942854623	0.00164629805893329	0.0016493485073396
mpasivos_margen_rank_delta1	0.000193771218885041	0.000677830812309466	0.00296882731321128
vmr_mpagominimo_delta1	0.000193135073907076	0.00369104876891366	0.00230908791027544
mcaja_ahorro_dolares_rank_lag1	0.000193084648799207	0.000813618327021369	0.00197921820880752
mcomisiones_rank_delta2	0.000192438507615898	0.000779331979556613	0.00214415305954148
Visa_mfinanciacion_limite_rank_delta2	0.000191942750698414	0.00145578166543219	0.00263895761174336
vmr_msaldopesos2	0.000191155898007705	0.0025213695368765	0.00230908791027544
mcuentas_saldo_rank_avg3	0.00019070855675856	0.000914277797687596	0.00214415305954148
Master_fechaalta_lag2	0.000190499703875565	0.00329010823018264	0.00445324096981692
vm_fechaalta_avg3	0.000190196566472164	0.000868072840626724	0.00181428335807356
mcomisiones_rank_lag1	0.000189525200524657	0.00127355668079176	0.00280389246247732
mplazo_fijo_dolares_rank	0.000189486336890268	0.00446893916869079	0.00065973940293584
vm_cconsumos_delta1	0.00018828566635427	0.00781705005883924	0.00197921820880752
cmobile_app_trx	0.000186755415381918	0.000984840802764255	0.00214415305954148
mpasivos_margen_rank_lag1	0.000185732129478159	0.00137648547704633	0.00115454395513772
mrentabilidad_rank_tend3	0.000184951505565894	0.000393751240863047	0.00148441365660564
mactivos_margen_rank_delta2	0.00018412544861084	0.000359897367332134	0.00181428335807356
Visa_fultimo_cierre_avg3	0.00018408184105495	0.00209063479928387	0.00181428335807356
cproductos_avg3	0.000183789754249792	0.00109871165457077	0.0024740227610094
cliente_antiguedad_avg3	0.00018294631533732	0.00639932144932785	0.00214415305954148
ctarjeta_visa_debitos_automaticos_lag2	0.00018221475372869	0.00138668349142178	0.00131947880587168
Visa_fultimo_cierre_delta1	0.000180807507817585	3.53280051118605e-05	0.00016493485073396
ctrx_quarter_normalizado_tend3	0.000180080429679308	0.00110760759688734	0.00115454395513772
ctarjeta_visa_debitos_automaticos_tend3	0.000179864916445854	0.000253690139643601	0.00032986970146792
Visa_mpagominimo_rank_delta2	0.000176446709532806	0.000717785823487708	0.00148441365660564
vm_fechaalta_lag1	0.000175290349268929	0.00108022688159201	0.00197921820880752
mpasivos_margen_rank_lag2	0.000174851610064471	0.00065722552197767	0.0024740227610094
thomebanking_avg3	0.000173294810078716	0.000277071633615226	0.000989609104403761
Visa_mlimitecompra_rank_delta1	0.000172458394697689	0.00064338170583735	0.00230908791027544
vm_status06	0.000172446865569632	5.45661197818311e-05	0.00016493485073396
ctransferencias_recibidas_lag1	0.000172419396789072	0.00113414661560176	0.00148441365660564
cprestamos_personales_lag2	0.00017174009498006	0.00010194759195305	0.00016493485073396
vm_mfinanciacion_limite_rank_lag2	0.000171044195788198	0.000593851814768977	0.00131947880587168
Visa_fultimo_cierre	0.000170721287364731	0.00127320791149028	0.00197921820880752
ccaja_ahorro_avg3	0.000169570098242479	0.000463770165829386	0.00032986970146792
Visa_Fvencimiento_avg3	0.000168223609530665	0.00127681651119632	0.0016493485073396
vm_mlimitecompra_rank_delta2	0.000163796462514806	0.00106436020350307	0.00230908791027544
cproductos_lag1	0.000163010146353298	0.000388640608031938	0.00115454395513772
Master_Finiciomora_tend3	0.000162795353699951	0.000390854130532036	0.00016493485073396
Master_mlimitecompra_rank_lag1	0.00016172230530307	0.000379884173435961	0.00115454395513772
vm_mfinanciacion_limite_rank_delta2	0.000160934655833764	0.000470619994910572	0.0016493485073396
Visa_msaldototal_rank_lag1	0.000158477901243502	0.00276842375927716	0.00148441365660564
Visa_cconsumos_lag2	0.000158374977801884	0.000431050955092641	0.0016493485073396
vm_mlimitecompra_rank_delta1	0.000155938216306388	0.000307991194756303	0.00148441365660564
Visa_Fvencimiento_lag2	0.000155731258091589	0.000790236833049744	0.00214415305954148
mcuenta_debitos_automaticos_rank_lag1	0.000154316556447324	0.000816013209558239	0.00131947880587168
cmobile_app_trx_avg3	0.000153194146128022	0.000557138032965879	0.0008246742536698
Master_fultimo_cierre_avg3	0.000153099300626627	0.000544405628332962	0.00214415305954148
vm_mpagominimo_rank_lag1	0.000152771077856648	0.00273353287835649	0.00263895761174336
vm_mpagospesos_rank_delta2	0.000152586906702117	0.00137949884381116	0.00148441365660564
mv_status07_rank_delta2	0.000151388024032772	0.000489858109580543	0.00065973940293584
ccomisiones_otras	0.000150486376648225	0.000690121442493834	0.00197921820880752
vmr_mconsumototal_avg3	0.000150109245356506	0.000524897798736508	0.0016493485073396
Master_mlimitecompra_rank_delta1	0.000149351874465199	0.000428186396563103	0.00214415305954148
mcomisiones_mantenimiento_rank_lag1	0.000148765008679901	0.00167623641577285	0.00148441365660564
ccaja_ahorro_lag2	0.000148111538091856	0.00183596810559611	0.0008246742536698
mcomisiones_rank_delta1	0.00014705234551038	0.000570079699179688	0.00230908791027544
cmobile_app_trx_lag2	0.000146862840742268	0.000422113160459892	0.00115454395513772
ctarjeta_visa_transacciones_delta1	0.000146587505157018	0.00545101306832992	0.00181428335807356
vm_Fvencimiento_lag2	0.000146309002145938	0.000697292139332387	0.00214415305954148
Visa_cconsumos_avg3	0.000142934037225356	0.000268491908798669	0.00065973940293584
tcallcenter_avg3	0.00014261202283113	0.0023825640051424	0.00115454395513772
vm_mpagospesos_rank_lag1	0.000141881843715934	0.000683299514956767	0.00214415305954148
tcuentas_avg3	0.0001415512088503	0.000105351580335553	0.00016493485073396
vm_mpagominimo_rank_lag2	0.000139070863276043	0.000925582573313097	0.00131947880587168
ctarjeta_debito_transacciones_delta2	0.000138779244073535	0.00273429087030506	0.00230908791027544
mcomisiones_rank_tend3	0.000138088872816378	0.00200954826181704	0.00362856671614712
vm_cconsumos_lag1	0.00013795339216405	0.000654979447676099	0.00131947880587168
Master_Fvencimiento	0.000133946346725353	0.000368625900383991	0.0016493485073396
ctarjeta_debito_transacciones_lag2	0.000133690851173038	0.00187618818144348	0.00230908791027544
Visa_mconsumototal_rank_lag1	0.000133642658444719	0.000464300295167645	0.00131947880587168
vm_msaldopesos_rank_delta2	0.000133243718685434	0.000725993527716013	0.00214415305954148
Master_msaldototal_rank_lag2	0.000131530285100175	0.000962817183939748	0.000989609104403761
Visa_mpagominimo_rank_lag1	0.000131286570215071	0.00280911816137455	0.0016493485073396
Master_mlimitecompra_rank_lag2	0.000131096060928208	0.000669855620948818	0.00214415305954148
mactivos_margen_rank_delta1	0.000130864432465715	0.000964435473498644	0.00230908791027544
vm_fultimo_cierre_tend3	0.000130720127628454	0.000267706015305987	0.00049480455220188
Master_msaldototal_rank_delta2	0.000130259387090068	0.000703746696538556	0.00148441365660564
mcaja_ahorro_dolares_rank_delta2	0.000129585779705926	0.00234881708753061	0.00263895761174336
vm_msaldopesos_rank_delta1	0.000128846090003833	0.000583077168481735	0.0016493485073396
vmr_mpagominimo	0.000128192475507876	0.00201033415530972	0.00263895761174336
Visa_mlimitecompra_rank	0.000127242796984185	0.000702114456207601	0.0016493485073396
vm_status01	0.000127060344857904	0.000556919470870281	0.00032986970146792
vm_mfinanciacion_limite_rank_lag1	0.000127058570195913	0.000319998159242129	0.0008246742536698
thomebanking	0.00012592828592979	0.000142335077065134	0.00032986970146792
ctarjeta_visa_transacciones_avg3	0.000123938891162412	0.00111603386321125	0.00181428335807356
ccomisiones_mantenimiento_tend3	0.000123665321717934	0.00285982921781062	0.00049480455220188
ctrx_quarter_lag2	0.000123571336469107	0.000258428751886458	0.00148441365660564
mv_status07_rank_lag2	0.000123309800303453	0.00183771195210354	0.00049480455220188
Visa_mpagospesos_rank_delta2	0.000122860964606591	0.00436295515335521	0.0032986970146792
Visa_msaldototal_rank_lag2	0.000121834297257003	0.00118277900700097	0.0024740227610094
vm_fechaalta	0.000121830689969774	0.00138069861020828	0.00263895761174336
vmr_Visa_mlimitecompra_lag2	0.000121509486505038	0.000432199568658869	0.00115454395513772
vm_fultimo_cierre_lag2	0.000121244092894277	0.00054178753344314	0.00131947880587168
mactivos_margen_rank_avg3	0.000121118963182691	0.00082150981374966	0.00197921820880752
mcomisiones_otras_rank	0.000119992078686647	0.000541652675979898	0.00115454395513772
vm_Fvencimiento_delta2	0.000119473081351068	0.000345225805382954	0.00065973940293584
cproductos_lag2	0.000118944624172823	0.000560583873664561	0.00115454395513772
Master_mlimitecompra_rank_delta2	0.000118659675211193	0.000461835658770477	0.0016493485073396
mtransferencias_recibidas_rank_delta2	0.000116684162712311	0.000846714208603718	0.00197921820880752
Visa_mconsumosdolares_rank_lag1	0.000116524610958962	0.000981887889345006	0.00148441365660564
mautoservicio_rank_avg3	0.000116367563626763	0.00173063977654732	0.00379350156688108
Visa_cconsumos	0.000115790569972151	0.000451242372520007	0.00131947880587168
Master_mlimitecompra_rank	0.000115630235427272	0.000202109485082491	0.00131947880587168
ctransferencias_recibidas_lag2	0.00011548189954198	0.000382316258031657	0.00115454395513772
vmr_Master_mlimitecompra_lag1	0.000114490863236054	0.000725519201465992	0.0008246742536698
mcaja_ahorro_rank_tend3	0.00011380322191327	0.000536969866825279	0.00115454395513772
mtarjeta_visa_consumo_rank_tend3	0.000113260468891213	0.000452874612850962	0.00131947880587168
vm_cconsumos_delta2	0.000112948784711288	0.00163478867198425	0.00148441365660564
mttarjeta_visa_debitos_automaticos_rank_lag1	0.000112888024977302	0.000599836695982478	0.00296882731321128
mrentabilidad_annual_rank_lag2	0.000112687509855208	0.00256548652838581	0.00263895761174336
mtarjeta_master_consumo_rank	0.000111829548996972	0.00128517767391728	0.00016493485073396
ccomisiones_mantenimiento_lag2	0.000111136219182409	0.000331488945161756	0.00065973940293584
mcomisiones_mantenimiento_rank_lag2	0.000110878839617093	0.00201505416652317	0.00214415305954148
mtransferencias_recibidas_rank_lag1	0.000109802122053486	0.000738567823598923	0.00197921820880752
Visa_mconsumospesos_rank_delta2	0.000109381558228464	0.000417462903106745	0.00115454395513772
vmr_msaldopesos_lag1	0.000109001094775585	0.000833679537242846	0.00115454395513772
vm_status02_tend3	0.000107708385898491	9.98038233132486e-05	0.00032986970146792
Master_fechaalta_lag1	0.000107338196334671	0.00086209725992793	0.00263895761174336
Visa_mconsumototal_rank	0.000107331185237708	0.000706434545288675	0.00230908791027544
mcomisiones_mantenimiento_rank_delta1	0.000107199091087887	0.00386582404127435	0.00115454395513772
mttarjeta_visa_debitos_automaticos_rank	0.000106981559884391	0.000327117703249798	0.00115454395513772
vmr_msaldopesos2_lag2	0.000106703269057939	0.000490862565168823	0.00131947880587168
vmr_msaldopesos_lag2	0.000106697298961554	0.000630477241682366	0.00230908791027544
mcuenta_debitos_automaticos_rank_lag2	0.000106127353813741	0.000496503327338191	0.00131947880587168
vm_mpagospesos_rank	0.000105841568431894	0.000632109482013321	0.000989609104403761
mtransferencias_emitidas_rank_delta2	0.000105452725700105	0.000496870697669089	0.000989609104403761
vm_Fvencimiento	0.000105203657858737	0.00122556602490728	0.0016493485073396
mtarjeta_visa_consumo_rank_lag1	0.000104980611690809	0.000856061225883545	0.00115454395513772
Master_mfinanciacion_limite_rank	0.000104786151203954	0.000272872451225334	0.000989609104403761
tcallcenter_delta2	0.00010448391055011	0.000262111755710151	0.00016493485073396
mextraccion_autoservicio_rank_delta1	0.000104464991866882	0.00203223686744305	0.00197921820880752
Visa_fechaalta_lag2	0.000104288716596485	0.000312143874572663	0.00131947880587168
vmr_mpagominimo_lag1	0.000103646223400646	0.000571990954951832	0.000989609104403761
vmr_msaldototal	0.000103458527858974	0.0033230646040444	0.00280389246247732
ctarjeta_debito_avg3	0.000101980491520273	0.00136741747520769	0.00115454395513772
vm_mconsumospesos_rank	0.00010124889253096	0.000265971469313263	0.00131947880587168
Master_fultimo_cierre_delta2	0.00010102017700193	0.00063113292796916	0.00115454395513772
Visa_mconsumototal_rank_delta2	0.000100251842464873	0.000189163168611328	0.0008246742536698
mtransferencias_recibidas_rank_delta1	9.93573410561497e-05	0.00119526959825153	0.00197921820880752
ccallcenter_transacciones_tend3	9.80705659182074e-05	0.00193329799199748	0.00065973940293584
ccomisiones_otras_avg3	9.67614007080036e-05	0.000751439735952435	0.00197921820880752
mcomisiones_otras_rank_delta2	9.65808807356518e-05	0.00100352088655185	0.0016493485073396
vmr_mconsumospesos	9.65159564129869e-05	0.00060837921874021	0.00115454395513772
Visa_fultimo_cierre_tend3	9.59574404014888e-05	0.000231596766958798	0.00032986970146792
vm_mpagospesos_rank_delta1	9.58531340290667e-05	0.000229067026958686	0.0008246742536698
mttarjeta_master_debitos_automaticos_rank_lag1	9.56224234942746e-05	0.000440565381637181	0.00065973940293584
Visa_msaldototal_rank_delta1	9.48932199115636e-05	0.000730462425032387	0.00148441365660564
vm_msaldopesos_rank_lag1	9.43767751723241e-05	0.00095395379342465	0.00197921820880752
ccaja_ahorro_tend3	9.34310870801069e-05	0.00154737778451714	0.00016493485073396
Visa_mconsumototal_rank_lag2	9.33524141440246e-05	0.000344649173471163	0.0008246742536698
vm_mfinanciacion_limite_rank_delta1	9.30675036419182e-05	0.000275313836335736	0.0016493485073396
vm_msaldopesos_rank_lag2	9.23309865047205e-05	0.000875824819634421	0.00049480455220188
Visa_Fvencimiento_lag1	9.08713219639256e-05	0.000600399377122209	0.000989609104403761
Visa_msaldopesos_rank_lag2	9.0638068644504e-05	0.000125338386439381	0.0008246742536698
cliente_antiguedad_lag1	8.94809701475141e-05	0.0038747013825615	0.00280389246247732
vm_mfinanciacion_limite_rank	8.83855961354425e-05	0.000258238091334979	0.000989609104403761
vmr_mconsumosdolares	8.81121234257512e-05	0.00128148536957888	0.00131947880587168
cmobile_app_trx_lag1	8.71817909343629e-05	0.000124673399637881	0.00065973940293584
vm_mlimitecompra_rank	8.68197016143355e-05	0.000102868342908973	0.00049480455220188
vm_mconsumospesos_rank_lag1	8.65945439117473e-05	0.000516704045280263	0.00131947880587168
Visa_mconsumospesos_rank	8.45621459347451e-05	0.000316603471374332	0.00131947880587168
Master_fultimo_cierre_tend3	8.41724465978912e-05	0.000300285718322138	0.0008246742536698
vmr_msaldopesos2_lag1	8.29398973670827e-05	0.000390449558142312	0.0016493485073396
Visa_fultimo_cierre_delta2	8.29143635468847e-05	0.000202328047178089	0.00032986970146792
cprestamos_personales_delta1	8.22300055874958e-05	0.0014530612648806	0.00016493485073396
cpagomiscuentas_avg3	8.17825883250873e-05	0.0001825458523978	0.00065973940293584
Visa_mpagominimo_rank_lag2	8.04425629969516e-05	0.000685661845692166	0.00115454395513772
Visa_mconsumosdolares_rank_delta1	8.01111317493092e-05	0.000212712071847667	0.0008246742536698
ccajas_consultas_avg3	8.00168359145416e-05	0.00128620538079232	0.000989609104403761
ccomisiones_otras_lag1	8.00075701557711e-05	0.00111196488802724	0.000989609104403761
cpagomiscuentas	7.99133269158506e-05	0.000224519075267308	0.0008246742536698
ccallcenter_transacciones_avg3	7.98142029673926e-05	0.00404913253587806	0.00230908791027544
vmr_mpagado_avg3	7.97623816798868e-05	0.000252332264496482	0.00065973940293584
ccaja_ahorro_lag1	7.96492997092875e-05	0.00166187642106633	0.00016493485073396
ccuenta_debitos_automaticos	7.93446091831608e-05	0.00143825484546818	0.000989609104403761
mpayroll_sobre_edad_rank_delta1	7.91848575135462e-05	0.0013330055707944	0.00115454395513772
Master_mfinanciacion_limite_rank_delta2	7.87232311620943e-05	0.000657402231757089	0.00197921820880752
vmr_mconsumosdolares_delta1	7.86904013428538e-05	0.00162483247099116	0.0008246742536698
Master_msaldototal_rank	7.78202198817887e-05	0.000273728098578313	0.00065973940293584
chomebanking_transacciones_delta2	7.71132648594324e-05	0.00042066228016571	0.00181428335807356
ccajas_consultas_delta1	7.66982647622807e-05	0.000308581777440153	0.00016493485073396
Master_mpagominimo_rank_delta2	7.66162339228997e-05	0.000104528484784046	0.00049480455220188
vm_Fvencimiento_lag1	7.65221502000699e-05	0.000272342321887075	0.00115454395513772
Visa_mconsumototal_rank_delta1	7.634947508234e-05	0.000137322099638442	0.00065973940293584
vm_msaldototal_rank_lag1	7.5538477572239e-05	0.000906149147834295	0.00181428335807356
vm_status04_tend3	7.47963837758061e-05	0.000220831421186262	0.00032986970146792
vmr_Master_mlimitecompra_avg3	7.37513571379978e-05	0.000151221718866999	0.0008246742536698
vmr_mconsumospesos_lag1	7.355295439451e-05	0.000593051970504236	0.00197921820880752
vmr_msaldototal_tend3	7.31693044132329e-05	0.00047886025094035	0.00115454395513772
Master_mpagominimo_rank	7.31321599535177e-05	0.000779029712828659	0.00065973940293584
vmr_mpagominimo_avg3	7.28126550990089e-05	0.000915477564084708	0.00197921820880752
ctransferencias_recibidas	7.23854307334926e-05	0.000568982238444345	0.00131947880587168
Master_Fvencimiento_lag2	7.21901981850142e-05	0.000193385602287986	0.00115454395513772
mplazo_fijo_dolares_rank_lag1	7.18342255739614e-05	0.00122796090744415	0.00065973940293584
vmr_msaldototal_delta2	7.17312395645049e-05	0.000171715403022319	0.00065973940293584
vm_status04	7.14669289798067e-05	0.000124040964637853	0.00032986970146792
ccajas_transacciones	7.0869871248511e-05	0.000102789288533969	0.00016493485073396
mpagomiscuentas_rank_lag2	7.06855606040083e-05	0.000196175756699875	0.00115454395513772
vmr_msaldopesos2_tend3	7.04477493586154e-05	0.000239172036187075	0.0008246742536698
vmr_msaldopesos_delta1	7.03292605602195e-05	0.000907972048716728	0.00049480455220188
vm_mpagado_rank	7.01730238838836e-05	0.00037341101520038	0.00049480455220188
mcomisiones_mantenimiento_rank_delta2	6.97008956582462e-05	0.00204656431034809	0.00065973940293584
Visa_mconsumosdolares_rank_lag2	6.95160859094691e-05	2.89618027954018e-05	0.00016493485073396
Visa_mpagominimo_rank_delta1	6.92899157084704e-05	0.000289697082329021	0.00115454395513772
vm_mlimitecompra_rank_lag1	6.88378557908315e-05	0.000118051433166999	0.00065973940293584
Master_mconsumototal_rank_delta1	6.85123300969669e-05	0.000227983516995403	0.0008246742536698
Master_cconsumos_tend3	6.84673301361662e-05	0.000332530602808862	0.00065973940293584
Master_msaldototal_rank_lag1	6.72987626841108e-05	0.00144806223822597	0.00065973940293584
ctarjeta_visa_debitos_automaticos_lag1	6.70987623988817e-05	0.000575334489988745	0.00131947880587168
Master_mpagospesos_rank_lag2	6.67451436804343e-05	0.000100054937210319	0.00065973940293584
vmr_msaldopesos_delta2	6.54989705928495e-05	0.000229285589054284	0.00065973940293584
ctarjeta_visa_transacciones_lag2	6.54703985280146e-05	0.000317273108433185	0.00148441365660564
vm_Finiciomora_lag1	6.54470172165443e-05	0.000658355534514485	0.00032986970146792
Visa_fechaalta_avg3	6.52926546558945e-05	0.00052995262847938	0.00230908791027544
vm_status05_tend3	6.52796299938682e-05	0.000500948973367799	0.00016493485073396
mautoservicio_rank_lag2	6.52469078569076e-05	0.000868407659156151	0.00197921820880752
vm_mconsumosdolares_rank_lag2	6.49710293532155e-05	0.000498372730794156	0.00115454395513772
Master_fultimo_cierre_lag1	6.43515063080253e-05	0.000237414238907585	0.000989609104403761
ctransferencias_emitidas	6.3603607636132e-05	0.000139251956439998	0.00049480455220188
Visa_Finiciomora_avg3	6.35701108026543e-05	0.000503548467228209	0.00016493485073396
vm_cconsumos	6.34527269688163e-05	0.000777369570953585	0.00115454395513772
ctransferencias_recibidas_tend3	6.34243137467973e-05	0.000402042649723708	0.00131947880587168
mplazo_fijo_dolares_rank_lag2	6.33543883340878e-05	0.00148065589201418	0.00032986970146792
ccomisiones_otras_delta1	6.33420909287853e-05	0.000885832173458394	0.00115454395513772
Master_cconsumos_avg3	6.31625230051768e-05	0.000538225436310629	0.00065973940293584
ctarjeta_debito_transacciones_tend3	6.30276288718846e-05	0.000509458944324059	0.000989609104403761
mpagomiscuentas_rank_delta1	6.29339697404402e-05	0.000676844957750598	0.00131947880587168
Master_fechaalta_delta1	6.28225499945637e-05	0.000133736751219165	0.00032986970146792
Visa_cconsumos_lag1	6.27795506406952e-05	0.000342751868471079	0.00115454395513772
Master_fultimo_cierre_lag2	6.22205678194799e-05	0.000400814981782477	0.00115454395513772
ctarjeta_debito_transacciones_avg3	6.22017228628486e-05	0.000861994954266161	0.00214415305954148
Master_msaldopesos_rank	6.18327709019991e-05	0.000225607235487944	0.000989609104403761
tcallcenter_tend3	6.17259509515657e-05	0.000520042930059823	0.00016493485073396
vmr_mpagospesos_lag1	6.10819128823199e-05	0.000123185317284874	0.000989609104403761
vm_fechaalta_tend3	6.09180642912746e-05	0.00066405209977209	0.00032986970146792
vmr_mpagominimo_lag2	6.01527563296687e-05	0.000463993378182337	0.00131947880587168
vmr_mconsumosdolares_avg3	6.01253717972792e-05	0.000594014573776338	0.00148441365660564
Master_delinquency_tend3	5.99927668421118e-05	0.00187510932173755	0.00032986970146792
ccheques_depositados_lag2	5.94907221349101e-05	0.0005491163390317	0.00016493485073396
Visa_mpagospesos_rank_delta1	5.93406532309383e-05	0.000569419362635541	0.0024740227610094
Visa_mpagospesos_rank_lag1	5.93145078279488e-05	0.00140390804465784	0.00181428335807356
catm_trx	5.91161122865129e-05	0.00064438616142563	0.00049480455220188
vmr_mpagospesos_delta2	5.87113420906945e-05	0.000212600465671191	0.00115454395513772
ccomisiones_otras_lag2	5.85262400732916e-05	0.000190167624199608	0.0008246742536698
ctarjeta_master_tend3	5.84847111735545e-05	0.000708787575509368	0.00016493485073396
ctarjeta_visa_debitos_automaticos	5.83885713729175e-05	0.000364529023655868	0.00131947880587168
vmr_mconsumospesos_lag2	5.82292080372352e-05	0.000171101569051704	0.000989609104403761
vm_mlimitecompra_rank_lag2	5.80136496428637e-05	0.0014252806274529	0.0008246742536698
vm_mconsumospesos_rank_delta2	5.80106883995119e-05	0.000330540292661714	0.00115454395513772
Master_cconsumos	5.78104006161105e-05	0.00203551529887702	0.00131947880587168
Visa_mpagospesos_rank_lag2	5.76476282294797e-05	0.0010259072254499	0.00230908791027544
vm_status06_delta2	5.72917375169642e-05	0.000546330834877165	0.00032986970146792
ccallcenter_transacciones	5.65557602580426e-05	0.000686126871427481	0.00049480455220188
cdescubierto_preacordado	5.63698864889113e-05	0.00161336028610095	0.00032986970146792
ctarjeta_master_delta2	5.61162081304123e-05	6.03975425026779e-05	0.00016493485073396
vmr_Master_mlimitecompra_lag2	5.61132826418982e-05	0.000293542845160074	0.000989609104403761
vmr_mpagosdolares_avg3	5.61119617519209e-05	0.000961301200042622	0.0008246742536698
Master_fechaalta_avg3	5.61041609291806e-05	0.00149783394267671	0.00148441365660564
cmobile_app_trx_delta1	5.57157807975064e-05	0.000299123153983851	0.00065973940293584
vm_status04_avg3	5.56254439713448e-05	0.000130974498351395	0.00032986970146792
vmr_Master_mlimitecompra	5.48982145779659e-05	0.000285474648652363	0.00065973940293584
mpagomiscuentas_rank_delta2	5.45089160376894e-05	0.000811223444484498	0.00065973940293584
Master_mconsumosdolares_rank	5.41805783743041e-05	0.000203151142729596	0.00016493485073396
matm_other_rank_lag1	5.39184100392358e-05	0.000283293677953737	0.00065973940293584
thomebanking_lag1	5.38884402535608e-05	0.000139926243756204	0.00049480455220188
vmr_mpagospesos_tend3	5.38527472066968e-05	0.00047302417796215	0.000989609104403761
Master_mpagominimo_rank_delta1	5.33774859736582e-05	0.000105630595776742	0.00065973940293584
Visa_fultimo_cierre_lag2	5.30819714013506e-05	0.000642544659513783	0.00065973940293584
mprestamos_prendarios_rank	5.25219460164835e-05	0.00200842289953758	0.00016493485073396
mcaja_ahorro_dolares_rank_avg3	5.23573053382615e-05	0.000156722973315772	0.0008246742536698
ctarjeta_master_debitos_automaticos_avg3	5.13389508451462e-05	0.000451279574578832	0.0008246742536698
Visa_Fvencimiento_delta1	5.00808865637889e-05	0.000117460850483149	0.00049480455220188
ctarjeta_master_transacciones_delta1	4.95546377018454e-05	0.000495415167117554	0.00016493485073396
cforex_avg3	4.90100111468179e-05	0.000272244666482659	0.00049480455220188
vm_mpagado_rank_lag2	4.8941706391437e-05	0.000233675431995655	0.00049480455220188
cextraccion_autoservicio_avg3	4.88281433462311e-05	0.000255127069165724	0.00065973940293584
vm_msaldototal_rank_delta2	4.83207893156298e-05	0.000302987517844316	0.000989609104403761
Master_mconsumospesos_rank_lag2	4.81233709192721e-05	0.000278099340490272	0.000989609104403761
vm_mconsumototal_rank_lag2	4.80324495975591e-05	0.000153160876183261	0.0008246742536698
Visa_mconsumospesos_rank_lag1	4.74617662908065e-05	0.000108518405593047	0.00065973940293584
ctarjeta_debito_transacciones_delta1	4.70411435327953e-05	0.00118365325538336	0.00065973940293584
matm_other_rank_lag2	4.65305243226425e-05	0.000718994890399526	0.000989609104403761
catm_trx_lag1	4.62198380057529e-05	0.000371271896817932	0.00065973940293584
mforex_buy_rank_delta2	4.60108452854925e-05	0.00158804893532776	0.00049480455220188
Visa_mfinanciacion_limite_rank_lag1	4.52461687753379e-05	0.000234163709017735	0.00131947880587168
catm_trx_other_avg3	4.5118570095166e-05	0.000680746523669889	0.0008246742536698
ctransferencias_emitidas_delta2	4.51000216218641e-05	0.000315329300859569	0.00032986970146792
mcheques_depositados_rank_delta1	4.48645728725462e-05	0.00121470767398768	0.00032986970146792
vm_fechaalta_delta1	4.44125350570024e-05	0.000407139331782758	0.00032986970146792
mtarjeta_visa_consumo_rank_lag2	4.39455348910892e-05	0.000535667794766398	0.00131947880587168
mrentabilidad_annual_rank_tend3	4.39273778451722e-05	0.000170687696147274	0.00065973940293584
vmr_Visa_mlimitecompra_lag1	4.33011190053626e-05	0.000188488881295122	0.00049480455220188
vmr_msaldopesos	4.30778835046951e-05	0.000841557073199078	0.00148441365660564
mautoservicio_rank_lag1	4.29621214209985e-05	0.000787386225292264	0.000989609104403761
Master_mconsumospesos_rank_delta2	4.28868971734667e-05	0.000480055367080108	0.00049480455220188
Visa_Fvencimiento_tend3	4.28765329233221e-05	0.000559691024252757	0.00032986970146792
vmr_mpagospesos_delta1	4.26249887063784e-05	0.000281056904166873	0.000989609104403761
vm_status02_avg3	4.24326502397792e-05	0.000142562939675439	0.00016493485073396
ctarjeta_visa_transacciones_lag1	4.23900751644793e-05	6.41130981278427e-05	0.00032986970146792
Master_mpagosdolares_rank_lag2	4.23849996117108e-05	0.0013825819644363	0.00032986970146792
ctarjeta_master_transacciones_lag2	4.21774634669229e-05	0.000128254097799804	0.00032986970146792
cpayroll_trx_delta2	4.21336710350249e-05	0.000812516216028673	0.0008246742536698
mcuenta_debitos_automaticos_rank_delta1	4.16928871560835e-05	0.000735331244481133	0.000989609104403761
vm_msaldototal_rank_delta1	4.14218934243165e-05	0.000145757666477051	0.0008246742536698
vmr_msaldodolares2	4.13094494674514e-05	0.000670994934000339	0.00032986970146792
mextraccion_autoservicio_rank	4.0612864847e-05	0.000219538649642087	0.00131947880587168
vmr_msaldototal_lag1	4.01228318871267e-05	0.000390603016634966	0.000989609104403761
ctarjeta_visa_debitos_automaticos_delta1	4.01111762576427e-05	0.000472396393219475	0.00065973940293584
vm_mconsumosdolares_rank	3.99761550125619e-05	0.000116521498497813	0.00065973940293584
vm_Fvencimiento_tend3	3.91342551152067e-05	0.000213590970487411	0.00016493485073396
matm_rank_delta2	3.84843601102977e-05	0.000771045220953304	0.00131947880587168
vm_mpagominimo_rank_delta2	3.84182151966431e-05	5.21619367302539e-05	0.00032986970146792
cmobile_app_trx_delta2	3.79814933810554e-05	0.00104298762070801	0.00131947880587168
vmr_msaldodolares_avg3	3.79048059882109e-05	0.00281421019317625	0.00148441365660564
Master_mpagado_rank	3.77248492652315e-05	0.000134815610925095	0.00032986970146792
ctarjeta_debito_delta1	3.74755031944647e-05	0.00097753524846246	0.00016493485073396
vmr_msaldopesos2_delta2	3.7413363702056e-05	8.17143222095054e-05	0.00049480455220188
Visa_status_lag1	3.61476544691705e-05	0.000674608183963735	0.00016493485073396
matm_other_rank	3.58987954571797e-05	0.00109995327328406	0.00049480455220188
Visa_status_avg3	3.58406686618816e-05	0.00112847330163092	0.00032986970146792
Master_fultimo_cierre_delta1	3.57063370508085e-05	0.000426465801342438	0.00032986970146792
vm_mconsumototal_rank_delta2	3.54168942499473e-05	0.000157197299565793	0.00065973940293584
vmr_mconsumototal_lag1	3.52151537298132e-05	0.000531170995905904	0.000989609104403761
ccomisiones_otras_delta2	3.51367453230735e-05	0.000730476375804447	0.00115454395513772
Master_Fvencimiento_delta2	3.4379695393104e-05	0.000701737785361996	0.00049480455220188
ccajas_consultas	3.37218877255695e-05	0.00107806916218015	0.00032986970146792
mcheques_depositados_rank_lag2	3.33068010243914e-05	0.00124494364729785	0.00016493485073396
Visa_Fvencimiento_delta2	3.33018328914352e-05	0.000185610371993524	0.00049480455220188
ctarjeta_visa_descuentos_delta2	3.31223931324647e-05	0.000316640673433157	0.00032986970146792
cpayroll_trx_lag2	3.26094774559186e-05	0.00035389388508922	0.00049480455220188
cseguro_accidentes_personales_lag2	3.23465618451956e-05	0.000138577669123791	0.00032986970146792
mextraccion_autoservicio_rank_lag2	3.2146781611013e-05	0.000645255759550668	0.00115454395513772
mautoservicio_rank_delta2	3.16621326459636e-05	0.000335353309022222	0.00065973940293584
Visa_delinquency	3.15987123181306e-05	8.7224877172985e-05	0.00016493485073396
Visa_msaldopesos_rank_lag1	3.10662035439966e-05	0.000326503869279183	0.00049480455220188
Visa_mpagosdolares_rank_lag2	3.08524007208513e-05	0.000136085131182504	0.00032986970146792
cforex_delta2	3.05650567012923e-05	0.000233470820672116	0.00032986970146792
ccheques_emitidos_rechazados_avg3	3.04557398951929e-05	0.000483184990278777	0.00016493485073396
mpayroll_sobre_edad_rank_lag1	3.03975306336586e-05	0.00164398688102877	0.00197921820880752
mtransferencias_emitidas_rank_delta1	3.03742735769494e-05	0.00115113865597016	0.0008246742536698
vmr_mpagosdolares_lag1	3.00934376884641e-05	0.0011385690103446	0.00049480455220188
Master_mpagospesos_rank	3.00240448900746e-05	0.000358186072626175	0.00049480455220188
vm_msaldototal_rank_lag2	2.97920057356698e-05	0.000765855533747192	0.0008246742536698
vm_status06_avg3	2.96792812028278e-05	8.83781409965656e-05	0.00016493485073396
Master_mconsumospesos_rank_lag1	2.95541884962525e-05	8.52624685699569e-05	0.00032986970146792
vmr_Visa_mlimitecompra	2.95294266949607e-05	9.61580215483811e-05	0.00032986970146792
Master_status	2.95119037880476e-05	1.70385429419319e-05	0.00016493485073396
Visa_msaldopesos_rank_delta2	2.94472007497959e-05	0.000356525930751102	0.00065973940293584
vmr_mconsumototal	2.94255001663386e-05	0.000266417894019165	0.00065973940293584
cplazo_fijo_avg3	2.91021296304288e-05	0.00108771844618793	0.00016493485073396
cmobile_app_trx_tend3	2.90834923482218e-05	0.000655025950249631	0.000989609104403761
ctarjeta_master_transacciones_delta2	2.90023004624049e-05	0.00208271541101146	0.00049480455220188
mtarjeta_master_consumo_rank_lag2	2.88514467501228e-05	5.00925722081034e-05	0.00032986970146792
vm_Finiciomora_tend3	2.76219694859841e-05	0.00273463963960654	0.00032986970146792
ctarjeta_visa_descuentos_lag2	2.74198110038466e-05	8.47183884596386e-05	0.00016493485073396
ccajas_transacciones_lag1	2.73435640898327e-05	0.000181620451184523	0.00049480455220188
Master_Fvencimiento_tend3	2.71590421370947e-05	7.08978236060847e-05	0.00016493485073396
Visa_status_tend3	2.71311437440057e-05	0.000279289806372677	0.00032986970146792
tcallcenter_delta1	2.70842197675989e-05	0.000237674653319362	0.00032986970146792
Master_msaldopesos_rank_lag2	2.70756643758668e-05	0.000923894529893905	0.00065973940293584
ccajas_otras_avg3	2.67520236192731e-05	0.00109531696670298	0.0008246742536698
cforex_buy_avg3	2.66993563311607e-05	0.000330758854757312	0.00032986970146792
cpagomiscuentas_lag1	2.65223162117615e-05	3.35051042294267e-05	0.00032986970146792
cforex_lag1	2.63940123789897e-05	0.000219673507105328	0.00016493485073396
cseguro_vida_avg3	2.62475782914176e-05	0.00122851893832653	0.00065973940293584
mextraccion_autoservicio_rank_lag1	2.57126206207859e-05	0.000125054720740839	0.00065973940293584
vmr_mpagado	2.56880336831857e-05	0.000733522294370758	0.00032986970146792
mforex_buy_rank	2.56832535119658e-05	0.000714628298744921	0.00016493485073396
ccallcenter_transacciones_lag2	2.55337922540201e-05	0.00103948597692109	0.00065973940293584
cpagomiscuentas_delta2	2.53338290058344e-05	0.000464560709579421	0.00049480455220188
vmr_msaldototal_lag2	2.52536568328562e-05	0.000274132670968037	0.00131947880587168
vmr_mconsumosdolares_lag2	2.52301251013405e-05	9.91667380558675e-05	0.00032986970146792
chomebanking_transacciones_tend3	2.51625932849035e-05	0.000279438614607978	0.00049480455220188
Master_mconsumosdolares_rank_lag2	2.51258490370768e-05	9.01405885334084e-05	0.00016493485073396
ctransferencias_recibidas_delta2	2.48380134890925e-05	0.000457650427152644	0.0008246742536698
vmr_mpagado_lag2	2.48140995280769e-05	7.06281086796021e-05	0.00032986970146792
Master_msaldopesos_rank_lag1	2.43468274481044e-05	5.78166496716811e-05	0.00032986970146792
Master_mconsumototal_rank_delta2	2.4331720119199e-05	0.000312357786410908	0.00049480455220188
Visa_msaldodolares_rank_lag1	2.42514597718291e-05	0.00040174968351046	0.00016493485073396
vm_msaldodolares_rank_delta1	2.3989898000078e-05	0.000843110259155029	0.00032986970146792
catm_trx_other_lag1	2.39624807276512e-05	0.000108913677468064	0.00032986970146792
mautoservicio_rank_tend3	2.37936179170448e-05	0.000348783252258112	0.0008246742536698
vmr_mpagospesos_lag2	2.36891060306064e-05	0.000542294411494633	0.000989609104403761
Master_mpagosdolares_rank_delta1	2.35836111832956e-05	9.67672052616434e-05	0.00016493485073396
Visa_msaldodolares_rank_lag2	2.34210766005974e-05	0.000379456349759471	0.00032986970146792
catm_trx_delta2	2.30244266086608e-05	0.000386892111267154	0.00049480455220188
mttarjeta_visa_debitos_automaticos_rank_delta1	2.28577554191572e-05	0.00054020644594307	0.0008246742536698
ctarjeta_visa	2.28572899210126e-05	0.00069404625969989	0.00016493485073396
mforex_sell_rank_lag1	2.22829865082068e-05	0.000713516887237519	0.00016493485073396
cseguro_vida_delta1	2.22488797170126e-05	0.00352440679666362	0.00065973940293584
vm_status05	2.20199328190702e-05	0.00176026656614422	0.00049480455220188
mtransferencias_emitidas_rank_lag1	2.1742639486169e-05	0.000277211141335821	0.000989609104403761
active_quarter_lag1	2.16882353004574e-05	8.47369894890512e-05	0.00032986970146792
ccajas_transacciones_tend3	2.16035638018658e-05	1.58899293757045e-05	0.00016493485073396
matm_other_rank_delta2	2.15921343338426e-05	0.000217883158024366	0.00049480455220188
vm_mconsumospesos_rank_lag2	2.14372149484679e-05	6.67358432750178e-05	0.00049480455220188
matm_rank_lag1	2.11221458336677e-05	5.42266509950514e-05	0.00032986970146792
vm_mconsumospesos_rank_delta1	2.10512319360119e-05	0.000254038908945087	0.0008246742536698
ctarjeta_visa_debitos_automaticos_delta2	2.09968081840662e-05	0.000751709450878918	0.000989609104403761
ctarjeta_debito_lag2	2.07586894978008e-05	2.4013928971653e-05	0.00016493485073396
mcaja_ahorro_adicional_rank_lag1	2.05408543951131e-05	0.000136452501513403	0.00016493485073396
vm_mconsumototal_rank	2.05106439406863e-05	7.56364358489418e-05	0.00032986970146792
ctarjeta_visa_descuentos_tend3	2.0333165060332e-05	0.000391277303951172	0.00016493485073396
Master_msaldopesos_rank_delta1	2.01186296807714e-05	6.71729674662136e-05	0.00032986970146792
ccuenta_debitos_automaticos_avg3	2.01078606567848e-05	5.04459917669426e-05	0.00032986970146792
Visa_msaldototal_rank_delta2	1.96581240148046e-05	0.000135331789491294	0.00049480455220188
vmr_Visa_mlimitecompra_avg3	1.9611229195204e-05	0.000130314161807248	0.00032986970146792
cpayroll_trx_tend3	1.95823211226002e-05	0.000746584867275749	0.00049480455220188
mttarjeta_master_debitos_automaticos_rank_lag2	1.90977555537421e-05	0.000111117899453456	0.00032986970146792
mpagomiscuentas_rank_lag1	1.89898766814932e-05	0.0002468914633933	0.000989609104403761
vm_cconsumos_lag2	1.88999307604648e-05	0.000507064061787188	0.00065973940293584
vm_mpagado_rank_lag1	1.81748653425396e-05	0.000515918151787581	0.00049480455220188
ctarjeta_visa_descuentos_delta1	1.81090610156291e-05	0.000264329928467602	0.00049480455220188
cforex_sell_lag1	1.79032931451733e-05	8.17143222095054e-05	0.00016493485073396
cforex_sell_avg3	1.78782015580757e-05	5.14271960684567e-05	0.00032986970146792
cinversion2_avg3	1.78685547788594e-05	8.60344112905793e-05	0.00016493485073396
ctarjeta_debito_lag1	1.76917489737013e-05	3.18775141558252e-05	0.00016493485073396
ccajas_transacciones_avg3	1.76069137432965e-05	1.88567935670125e-05	0.00016493485073396
matm_rank_lag2	1.75699246862449e-05	0.000282391528027227	0.00148441365660564
vmr_mconsumosdolares_delta2	1.74421144040102e-05	0.000225137559495276	0.00016493485073396
cseguro_auto_lag1	1.74238138043445e-05	0.00027354673854154	0.00016493485073396
vm_cconsumos_tend3	1.73410623848566e-05	9.07218707025519e-05	0.00016493485073396
Master_mpagospesos_rank_delta2	1.70115122078304e-05	0.000162852012507221	0.00032986970146792
ccajas_transacciones_lag2	1.67668315638246e-05	2.03588266920791e-05	0.00016493485073396
Master_mconsumospesos_rank	1.65171948590813e-05	2.38837217657648e-05	0.00016493485073396
Visa_cconsumos_delta2	1.64621014378302e-05	0.000631365440836817	0.00065973940293584
vm_mpagominimo_rank_delta1	1.64288529389298e-05	7.95705535697045e-05	0.00049480455220188
Master_msaldototal_rank_delta1	1.6399864668429e-05	7.82870825402358e-05	0.00032986970146792
mv_status07_rank	1.63079063702257e-05	1.66572218389738e-05	0.00016493485073396
Visa_msaldodolares_rank_delta2	1.62496516719587e-05	0.000414872709761042	0.00032986970146792
vmr_msaldodolares_lag1	1.59836698751753e-05	2.28653154054256e-05	0.00016493485073396
mautoservicio_rank_delta1	1.57706381353274e-05	0.000436775421894366	0.00065973940293584
Master_msaldodolares_rank_lag1	1.48136912273935e-05	0.000276118330857831	0.00032986970146792
mtarjeta_visa_consumo_rank_delta1	1.43784792972322e-05	0.000211400699274079	0.000989609104403761
ctarjeta_visa_descuentos_avg3	1.38998931191721e-05	0.000173184884345914	0.00016493485073396
matm_rank	1.32433992718357e-05	0.000119395357542059	0.00032986970146792
Visa_cconsumos_delta1	1.30018498111063e-05	0.00149077485201463	0.0008246742536698
Visa_mconsumosdolares_rank_delta2	1.27072198176004e-05	0.000271435521703211	0.00049480455220188
vmr_msaldodolares2_avg3	1.25353939494396e-05	0.00217339077914048	0.00049480455220188
ccallcenter_transacciones_lag1	1.24857487877895e-05	0.000262544229643994	0.00016493485073396
vmr_msaldodolares_tend3	1.22638741663983e-05	0.000152128519050863	0.00016493485073396
ccajas_extracciones_tend3	1.21581293025775e-05	0.00019495738927335	0.00016493485073396
mtarjeta_visa_descuentos_rank_delta1	1.2114004179403e-05	4.3991434560774e-05	0.00016493485073396
ccuenta_debitos_automaticos_delta2	1.20745439450564e-05	0.000199044965486767	0.00032986970146792
ctarjeta_master_transacciones_lag1	1.20693751839167e-05	0.000103789093864896	0.00016493485073396
Master_mpagospesos_rank_lag1	1.20571252553773e-05	0.00058719264623927	0.00065973940293584
vm_status02_delta2	1.18267264931044e-05	0.000450768046269986	0.00032986970146792
ccajas_consultas_lag2	1.15120091399667e-05	0.000203699873097267	0.00016493485073396
vmr_Visa_mlimitecompra_delta1	1.09030297444026e-05	0.000385576088436213	0.00032986970146792
vm_mpagado_rank_delta1	1.07618219896105e-05	0.000494880387521942	0.00065973940293584
cextraccion_autoservicio_lag1	1.04881875734183e-05	1.60108360668864e-05	0.00016493485073396
Visa_madelantopesos_rank_delta2	1.03690409871333e-05	0.000889078053090891	0.00016493485073396
mtarjeta_master_descuentos_rank_lag1	1.02647162586588e-05	0.000262925550746952	0.00032986970146792
Visa_delinquency_delta2	1.00244368950362e-05	0.0015668949146283	0.00032986970146792
cseguro_vida_lag2	9.93449835618472e-06	0.000123715446623132	0.00032986970146792
matm_other_rank_delta1	9.83808865596777e-06	0.000325634271154144	0.00049480455220188
ccomisiones_otras_tend3	9.7924708849334e-06	0.000248500452437489	0.00032986970146792
Master_mpagado_rank_lag1	9.50088714174481e-06	8.30024434963272e-05	0.00016493485073396
Visa_mpagado_rank_delta1	9.43308575786569e-06	0.00022478879019379	0.00049480455220188
cforex_buy_tend3	9.40514286228305e-06	0.00123654528251806	0.00016493485073396
Visa_msaldodolares_rank_delta1	9.39331093692609e-06	0.000288948390895164	0.00032986970146792
Master_mconsumospesos_rank_delta1	9.32044503084067e-06	6.19646792306886e-05	0.00032986970146792
mtransferencias_emitidas_rank_lag2	9.25381067510518e-06	0.000140284313572396	0.00049480455220188
vmr_mpagado_lag1	9.25037613313837e-06	8.10307343785928e-05	0.00016493485073396
vmr_mconsumototal_delta2	8.93012257790901e-06	8.98383218054539e-05	0.00032986970146792
vmr_msaldototal_delta1	8.81558976065181e-06	0.000208229223759233	0.0008246742536698
Master_cconsumos_lag2	8.34560614305338e-06	6.12438893409508e-05	0.00032986970146792
ctarjeta_debito	8.23395358988121e-06	1.80709000743306e-05	0.00016493485073396
Master_mpagospesos_rank_delta1	8.2151250985668e-06	3.64533673913222e-05	0.00016493485073396
Visa_mpagosdolares_rank	8.16736768452981e-06	0.000278145843063803	0.00032986970146792
vmr_mpagosdolares_lag2	8.12229112401559e-06	0.00083232631235308	0.00049480455220188
ccajas_extracciones_avg3	7.81148120948793e-06	4.00619670973645e-05	0.00016493485073396
ccajas_extracciones_delta1	7.73368738113612e-06	0.000141539883057746	0.00016493485073396
vm_msaldodolares_rank_lag2	7.71323785146248e-06	8.42301114375581e-05	0.00016493485073396
vmr_msaldopesos2_avg3	7.67051533547369e-06	0.000857028479412999	0.00131947880587168
Master_mpagominimo_rank_lag2	7.59869457109439e-06	0.000875038926141739	0.00049480455220188
ctarjeta_visa_lag2	7.3347379380136e-06	0.000500911771308974	0.00016493485073396
catm_trx_other	7.30215425634044e-06	0.000484366155646476	0.00049480455220188
cextraccion_autoservicio_lag2	6.92959992295896e-06	0.000116656355961055	0.00049480455220188
catm_trx_other_delta2	6.75133546662709e-06	6.92655832751299e-05	0.00016493485073396
vmr_msaldopesos2_delta1	6.66369609539987e-06	6.46897300396329e-05	0.00049480455220188
ccajas_transacciones_delta1	6.51948054387242e-06	8.34395676875231e-05	0.00016493485073396
ccuenta_debitos_automaticos_lag2	6.13908290942359e-06	4.91578704801208e-05	0.00032986970146792
Visa_mconsumospesos_rank_delta1	5.87864564035542e-06	3.94760346708679e-05	0.00032986970146792
mextraccion_autoservicio_rank_delta2	5.8017219083128e-06	0.000179792900044736	0.00032986970146792
ccajeros_propios_descuentos_delta2	5.79046431198927e-06	4.58096851858547e-05	0.00016493485073396
vmr_msaldodolares2_tend3	5.77828433228679e-06	0.000348741399941933	0.00032986970146792
vm_mconsumosdolares_rank_lag1	5.4618817031817e-06	6.77449491206508e-05	0.00049480455220188
vm_fultimo_cierre_avg3	5.17331290691415e-06	0.00010642578978413	0.00032986970146792
cplazo_fijo_lag2	5.12383750705938e-06	2.25490979054116e-05	0.00016493485073396
vmr_msaldodolares2_lag1	4.66872783360363e-06	0.00124982641751865	0.00032986970146792
Master_msaldopesos_rank_delta2	4.49588200133949e-06	9.4986156695388e-05	0.00032986970146792
mv_status07_rank_lag1	4.41573170923684e-06	1.60061858095332e-05	0.00016493485073396
catm_trx_delta1	4.31599361453202e-06	0.000146934181587397	0.00032986970146792
mforex_sell_rank	4.2728612238957e-06	5.55798758848173e-05	0.00016493485073396
vm_mpagosdolares_rank_lag1	4.24037213504168e-06	0.000469396977226695	0.00016493485073396
ccajas_consultas_lag1	4.22436004441956e-06	0.000377554394502034	0.00016493485073396
cseguro_vida_delta2	4.14519818139053e-06	0.00115592377078655	0.00016493485073396
catm_trx_tend3	4.00534439132328e-06	0.00013927055746941	0.00032986970146792
Visa_cadelantosefectivo_avg3	3.73246484146565e-06	0.000928103012798503	0.00016493485073396
vm_mpagado_rank_delta2	3.63231578257851e-06	0.000904377399782746	0.00049480455220188
ccajas_consultas_tend3	3.54376519443774e-06	0.00014643660405061	0.00016493485073396
Master_cconsumos_lag1	3.39593958661451e-06	3.95922911046966e-05	0.00032986970146792
matm_rank_delta1	3.31311043788351e-06	3.83785739355252e-05	0.00016493485073396
cpagomiscuentas_lag2	3.19470818416091e-06	3.77042866193188e-05	0.00016493485073396
Visa_msaldopesos_rank_delta1	3.15471074559564e-06	0.00019727786769257	0.00032986970146792
cseguro_accidentes_personales_lag1	2.94097378054249e-06	5.42313012524045e-05	0.00016493485073396
cforex_lag2	2.79623966153943e-06	3.09428124278425e-05	0.00016493485073396
cextraccion_autoservicio	2.74965273963685e-06	0.000123868905115786	0.00049480455220188
mforex_sell_rank_delta1	2.71567506923544e-06	0.000539857676641583	0.00049480455220188
cinversion1_lag2	2.43817032917619e-06	0.000286906927917133	0.00016493485073396
ccuenta_debitos_automaticos_lag1	2.40657902975919e-06	2.39674263981215e-05	0.00016493485073396
cpayroll_trx_delta1	2.3291129630449e-06	0.000249193340783108	0.00049480455220188
mcaja_ahorro_adicional_rank_lag2	2.21643648778739e-06	0.000155495305374541	0.00016493485073396
Visa_mpagado_rank_lag2	2.11015095536496e-06	8.76945531656529e-05	0.00032986970146792
mforex_sell_rank_delta2	1.97564677202819e-06	0.000254150515121563	0.00016493485073396
vmr_mpagosdolares_delta1	1.88735834494163e-06	0.000333465304536844	0.00032986970146792
ctransferencias_emitidas_lag2	1.8839798144494e-06	3.98620060311792e-05	0.00032986970146792
cpagomiscuentas_delta1	1.86685825789983e-06	0.00014027501305769	0.00016493485073396
vm_msaldodolares_rank_delta2	1.86039825724057e-06	0.00053710472428852	0.00032986970146792
cliente_edad_delta2	1.8229454389754e-06	7.86591031284876e-05	0.00016493485073396
ctarjeta_master_debitos_automaticos_tend3	1.70726070634151e-06	0.000191413893170252	0.00016493485073396
Visa_delinquency_delta1	1.69478412867032e-06	0.000132085909858798	0.00016493485073396
vmr_madelantopesos_avg3	1.68973499717241e-06	0.00037740093600938	0.00016493485073396
mcajeros_propios_descuentos_rank_delta1	1.67094827281605e-06	5.83746805540588e-05	0.00016493485073396
ctransferencias_emitidas_delta1	1.6049907566862e-06	0.000617884344770043	0.00032986970146792
ccallcenter_transacciones_delta1	1.58431479472199e-06	0.000318765841043545	0.00016493485073396
mpagodeservicios_rank_delta1	1.53327290316487e-06	0.000857888777023331	0.00016493485073396
catm_trx_other_lag2	1.48567218194096e-06	1.88800448537783e-05	0.00016493485073396
vmr_mpagosdolares_tend3	1.45997616188455e-06	4.22940906268753e-05	0.00016493485073396
vmr_mpagado_delta2	1.44414708526553e-06	0.000265618049754424	0.00049480455220188
Visa_mpagosdolares_rank_delta2	1.3951387641789e-06	0.000337055303213474	0.00016493485073396
ccajas_depositos_lag2	1.3840495700952e-06	0.000110448262394603	0.00016493485073396
Master_cconsumos_delta1	1.28057053038859e-06	0.000393035101230662	0.00016493485073396
Master_mpagado_rank_delta2	1.22489370745432e-06	0.000427572562592487	0.00016493485073396
vmr_msaldodolares_delta1	1.1931120381123e-06	0.000714879412641991	0.00032986970146792
vmr_mconsumototal_delta1	1.15269024632524e-06	7.97984161800087e-05	0.00032986970146792
ctransferencias_recibidas_delta1	1.0866050658951e-06	0.000250197796371387	0.00032986970146792
vm_mpagosdolares_rank	1.02073408095109e-06	0.000220315242620063	0.00016493485073396
mcuenta_corriente_rank_tend3	9.95241978705677e-07	0.00025303910361416	0.00049480455220188
vm_mconsumototal_rank_lag1	8.94534372761311e-07	7.27811778341093e-05	0.00049480455220188
vmr_mconsumospesos_delta1	7.8070898074988e-07	2.24514425009955e-05	0.00016493485073396
mcajeros_propios_descuentos_rank	7.42140230764373e-07	0.0013570148495087	0.00032986970146792
ctransferencias_emitidas_lag1	7.03510298190151e-07	0.000371071935751747	0.00016493485073396
mcheques_depositados_rank_delta2	6.71742790248837e-07	0.000656909304477656	0.00016493485073396
vm_mpagosdolares_rank_lag2	6.66359814988162e-07	0.00032948468424255	0.00032986970146792
vmr_msaldodolares_lag2	6.25617136256329e-07	0.00118558311218492	0.00032986970146792
mtarjeta_visa_descuentos_rank_lag2	5.58878294729108e-07	6.07370112894577e-05	0.00016493485073396
mtarjeta_visa_descuentos_rank_delta2	4.29018450343104e-07	0.000373666779354803	0.00016493485073396
mprestamos_hipotecarios_rank_delta2	4.13438774505563e-07	0.000381618719428685	0.00016493485073396
ctarjeta_master_debitos_automaticos_lag1	4.00920296435551e-07	0.000785200604336285	0.00016493485073396
cforex_delta1	4.00862049543568e-07	0.000320388780859794	0.00016493485073396
vm_mconsumosdolares_rank_delta2	2.98651731228129e-07	5.10970277963832e-05	0.00016493485073396
Visa_mpagosdolares_rank_lag1	2.97740364193724e-07	7.59340523195433e-05	0.00016493485073396
cplazo_fijo_lag1	2.96937284336509e-07	7.16139632384694e-05	0.00016493485073396
cplazo_fijo_delta1	2.93491243415538e-07	0.000545158970024171	0.00016493485073396
vmr_mconsumosdolares_tend3	2.71564891484637e-07	3.47281219133045e-05	0.00016493485073396
mcajeros_propios_descuentos_rank_lag2	2.56005348521845e-07	9.3693385151213e-05	0.00016493485073396
mforex_sell_rank_lag2	1.81767933280083e-07	3.5281502538329e-05	0.00016493485073396
vm_fechaalta_lag2	1.4298014562693e-07	7.18325253340673e-05	0.00049480455220188
ccajas_otras_delta2	1.06325272748933e-07	0.000583644499878819	0.00016493485073396
vmr_mconsumosdolares_lag1	1.04244639390206e-07	3.3891075589738e-05	0.00016493485073396
vmr_mpagosdolares_delta2	8.46750431118121e-08	0.000557733265907082	0.00016493485073396
cextraccion_autoservicio_delta2	6.98610795485064e-08	7.67013447828126e-05	0.00016493485073396
mplazo_fijo_dolares_rank_delta2	4.80743692035031e-08	0.000438686677666509	0.00016493485073396
catm_trx_lag2	4.40866213450326e-08	2.57856770232021e-05	0.00016493485073396
vmr_mconsumospesos_tend3	3.62859622145859e-08	1.56899683095192e-05	0.00016493485073396
Master_mpagominimo_rank_lag1	3.43005951338361e-08	2.59019334570308e-05	0.00016493485073396
ccomisiones_mantenimiento_lag1	2.93983318730159e-08	7.74965387902008e-05	0.00016493485073396
ccajeros_propios_descuentos	1.91761524509312e-08	0.000150152159675775	0.00016493485073396
Master_msaldodolares_rank_lag2	6.93570498182509e-09	0.000168106803316277	0.00016493485073396
vmr_msaldopesos_avg3	2.66701051828665e-09	0.000113815048718282	0.00032986970146792
ccajas_consultas_delta2	1.63219173936276e-09	0.000188758596221605	0.00016493485073396
cpayroll_trx_lag1	7.08376467288999e-10	0.000128784227138063	0.00016493485073396
vm_status03	3.63231255967139e-10	0.000440100355901866	0.00016493485073396
vmr_mconsumototal_tend3	3.59516579248183e-10	4.11361765459415e-05	0.00016493485073396
Master_mpagado_rank_lag2	3.44961665119475e-10	0.000305261493690005	0.00016493485073396
ccajas_transacciones_delta2	2.20002113918687e-10	0.000294826316189543	0.00016493485073396
cprestamos_hipotecarios_delta1	1.47118031283783e-10	3.21286280528951e-05	0.00016493485073396
ctarjeta_master_transacciones_avg3	4.97738475667617e-11	2.8812994560101e-05	0.00016493485073396
vm_status04_lag2	7.12630082929288e-12	2.417203772166e-05	0.00016493485073396
Master_mconsumototal_rank	6.19774261942467e-12	2.18422587877332e-05	0.00016493485073396
ctarjeta_master_descuentos_lag1	1.58762977910164e-12	0.000201053876663326	0.00016493485073396
cseguro_vida_lag1	1.44814526469298e-12	0.000199486739935316	0.00032986970146792
vm_fultimo_cierre_delta2	1.05259357395216e-12	1.94427259935091e-05	0.00016493485073396
