Feature	Gain	Cover	Frequency
azar_under	0.471046271412108	0.0264600217176391	0.0198578595317726
ctrx_quarter	0.102809665007897	0.00426297378824638	0.00355351170568562
mcaja_ahorro_rank	0.0453455506845102	0.00690095965453496	0.00585284280936455
mcuentas_saldo_rank	0.032768327776111	0.00992797859887444	0.0114966555183947
cpayroll_trx	0.026366405743264	0.0107220033606682	0.00689799331103679
ctrx_quarter_normalizado	0.0215454741954808	0.00732247685217789	0.006061872909699
ctrx_quarter_normalizado_avg3	0.016103119449356	0.00107491940097748	0.000836120401337793
mtarjeta_visa_consumo_rank	0.0133796611033894	0.00658081639621638	0.00627090301003345
cdescubierto_preacordado_tend3	0.0102270779559776	0.00405898946324716	0.00167224080267559
mprestamos_personales_rank	0.00974091551022713	0.0144910485982857	0.0104515050167224
vm_status06	0.00931481626541142	0.00051922019687066	0.000418060200668896
vm_status04_tend3	0.00875158618878355	0.00220539859900477	0.00104515050167224
Visa_mpagospesos_rank	0.00733230628600802	0.00120278582659049	0.00292642140468227
mcuenta_corriente_rank	0.00584775656551538	0.006469481069806	0.00773411371237458
ctarjeta_visa_transacciones	0.00555587083712249	0.00392183956664431	0.00438963210702341
vm_status01	0.00552649800330129	0.000713846347458518	0.000627090301003345
mpayroll_rank	0.00547812701458	0.00436982481487728	0.00355351170568562
mpayroll_sobre_edad_rank	0.00490775919979217	0.00779987639809251	0.0052257525083612
cdescubierto_preacordado	0.00423853244232031	0.00520051848419363	0.00334448160535117
ctrx_quarter_delta1	0.00387852441061498	0.00473236610480231	0.00627090301003345
cproductos_tend3	0.00367713907488475	0.00272390178266143	0.00209030100334448
mprestamos_personales_rank_lag1	0.00361290619527577	0.00191752931327003	0.00167224080267559
vm_mpagominimo_rank	0.00355007338171181	0.0050392414769292	0.00334448160535117
foto_mes	0.00335644382950765	0.00713916792086846	0.0112876254180602
ctarjeta_visa	0.00329791151934251	0.000448807684032476	0.000209030100334448
mprestamos_personales_rank_delta2	0.00323602808988606	0.00618908631519988	0.00418060200668896
mpasivos_margen_rank	0.00318579472661826	0.00269954776908404	0.00376254180602007
mpasivos_margen_rank_avg3	0.00317205730723353	0.00265926796346715	0.00271739130434783
vm_Finiciomora	0.00306487495571528	0.00820464257524516	0.00355351170568562
vm_msaldopesos_rank	0.00280994141463471	0.0013763211766119	0.00188127090301003
ctarjeta_visa_avg3	0.0024870489044868	0.000459302467511402	0.000209030100334448
vm_status05_tend3	0.00235096000129826	0.000685926118207206	0.000418060200668896
ctrx_quarter_delta2	0.00233693550110802	0.00237226789044071	0.00376254180602007
ccomisiones_mantenimiento_delta2	0.00233146400689291	0.00300980992904064	0.00209030100334448
ccaja_ahorro	0.00228151269293855	0.0163017701710196	0.00752508361204013
vm_status03_avg3	0.00223440269900202	5.51004059156324e-05	0.000209030100334448
ctrx_quarter_normalizado_delta1	0.00190193769863511	0.00250742592852405	0.00376254180602007
mrentabilidad_annual_rank_lag2	0.00184773351708943	0.00336408427303873	0.00710702341137124
mprestamos_personales_rank_delta1	0.00183422506456118	0.00874328147273336	0.006061872909699
ctarjeta_visa_transacciones_delta2	0.00174174874910626	0.00211596533835526	0.00209030100334448
cdescubierto_preacordado_avg3	0.00172895388583767	0.00252695144805273	0.00229933110367893
Visa_mpagominimo_rank	0.00171275200583793	0.00398058926960919	0.006061872909699
mcaja_ahorro_rank_avg3	0.00165270381742625	0.00477882744400904	0.00459866220735786
mactivos_margen_rank	0.00146357467985078	0.00579021751937018	0.00647993311036789
vm_mpagospesos_rank	0.00144134033309037	0.00136435885488971	0.00125418060200669
mcuentas_saldo_rank_tend3	0.0013464026998159	0.00539455398903753	0.006061872909699
mcuenta_corriente_rank_delta2	0.00121407262582991	0.00371505351425679	0.00334448160535117
cprestamos_personales_delta2	0.00120688432473316	0.00468929085526248	0.00209030100334448
mcuenta_debitos_automaticos_rank	0.00119299710038221	0.00427485931205859	0.00313545150501672
mpagomiscuentas_rank	0.00118049747872753	0.00472712010938849	0.00334448160535117
ccaja_seguridad	0.00113658130255953	0.00353934617970884	0.00146321070234114
ctrx_quarter_normalizado_tend3	0.00109946993688947	0.00149454806819793	0.00292642140468227
mcuentas_saldo_rank_delta1	0.00107406759838604	0.00359302233347593	0.00459866220735786
mcomisiones_otras_rank_lag2	0.00105626968834173	0.00211786992652254	0.00438963210702341
vmr_mpagominimo_tend3	0.00104777352226767	0.001114249705162	0.000836120401337793
mrentabilidad_rank_avg3	0.00104412870229734	0.00459545707437164	0.00480769230769231
mrentabilidad_annual_rank_avg3	0.00104182377049762	0.0058180134756399	0.00689799331103679
ccomisiones_mantenimiento_delta1	0.00104167008300092	0.00193155330979353	0.00125418060200669
mactivos_margen_rank_avg3	0.00103403927721959	0.00353714836315804	0.00397157190635452
mtarjeta_visa_consumo_rank_delta2	0.00102177797775085	0.00137451852021604	0.00146321070234114
mtarjeta_master_consumo_rank	0.000985340202272519	0.00138988927281529	0.00104515050167224
mcuentas_saldo_rank_delta2	0.000983395460497106	0.00255139761912209	0.00397157190635452
mpayroll_rank_delta2	0.000971155697183892	0.0070902155367274	0.00376254180602007
mcomisiones_rank_lag2	0.000966631929681663	0.00206102900070184	0.00397157190635452
cliente_edad_avg3	0.000964606405823802	0.0043176532019828	0.006061872909699
cprestamos_personales_tend3	0.000958053832024395	0.00194396524837045	0.000836120401337793
mrentabilidad_annual_rank_lag1	0.000956584252455018	0.00211761439893118	0.00480769230769231
Visa_fechaalta	0.000956399065294682	0.00244625848772072	0.00397157190635452
mprestamos_personales_rank_avg3	0.000939537396660652	0.00175407892515343	0.00146321070234114
cplazo_fijo	0.000927859705790534	0.0035280945877353	0.00146321070234114
vm_msaldototal_rank	0.00086884938123408	0.000850992055084465	0.00104515050167224
vm_Fvencimiento_delta2	0.000843627346130246	0.000243163127852254	0.000627090301003345
mcuenta_corriente_rank_lag1	0.000836041462806251	0.00405519704282024	0.00418060200668896
mrentabilidad_annual_rank	0.000835475229084139	0.00258381401692078	0.00459866220735786
cproductos	0.000821344146126725	0.00351590117412038	0.00334448160535117
mpasivos_margen_rank_lag1	0.00081287931688833	0.00132475696536901	0.00292642140468227
ccomisiones_mantenimiento_tend3	0.000768233611033865	0.00109509909906654	0.00104515050167224
ctarjeta_master_avg3	0.000739862223136936	0.00028896889217296	0.000418060200668896
Visa_delinquency	0.000736503397014551	0.00140783066091012	0.000836120401337793
cmobile_app_trx_avg3	0.000736329048158279	0.00300129862612742	0.00501672240802676
ccaja_seguridad_lag2	0.000735186368920254	0.000503635108286303	0.000418060200668896
Visa_mpagominimo_rank_lag1	0.000713567608931445	0.00140556861338007	0.00229933110367893
mtransferencias_recibidas_rank	0.000677917383812995	0.0036515611912698	0.00480769230769231
chomebanking_transacciones_avg3	0.000668133996867895	0.00057048419810184	0.00209030100334448
mrentabilidad_annual_rank_tend3	0.000653018233336171	0.00396387734623672	0.00501672240802676
mcomisiones_rank_avg3	0.000640343394768827	0.00408354315139048	0.00355351170568562
ccallcenter_transacciones_delta2	0.000637377111294143	0.00185151732067318	0.00125418060200669
mprestamos_personales_rank_tend3	0.000630131818790844	0.00296047006453564	0.00167224080267559
chomebanking_transacciones	0.000627796535749916	0.00236291879214599	0.00292642140468227
mrentabilidad_annual_rank_delta1	0.000627053151667805	0.00247115706829609	0.00418060200668896
ccomisiones_mantenimiento_lag2	0.000624620267817087	0.000990847332606748	0.00146321070234114
cdescubierto_preacordado_delta2	0.000611855290489911	0.00156172738902635	0.000627090301003345
mactivos_margen_rank_lag2	0.000610078934400789	0.00313455696318321	0.00334448160535117
mrentabilidad_rank_lag2	0.000558533605802349	0.00254597568667814	0.00334448160535117
mcaja_ahorro_rank_lag2	0.000556293840235875	0.00179228797985238	0.00376254180602007
mcomisiones_mantenimiento_rank	0.000553130327879485	0.00360858159003602	0.00376254180602007
cliente_antiguedad_lag1	0.00055212185069846	0.00435371470785385	0.00501672240802676
numero_de_cliente	0.00054475935548593	0.00335599466046752	0.00459866220735786
ctrx_quarter_normalizado_delta2	0.00054426261102572	0.00118265430173586	0.00209030100334448
mpasivos_margen_rank_lag2	0.000534521146890914	0.00325230770772742	0.00459866220735786
cliente_edad_lag2	0.000533552015848454	0.0018996696102249	0.00376254180602007
cproductos_delta2	0.000515746630814222	0.0028235037847539	0.00188127090301003
mttarjeta_visa_debitos_automaticos_rank_delta2	0.000512274803159866	0.00338043524623434	0.00271739130434783
mcuenta_corriente_rank_avg3	0.000506693990991196	0.00153860423649694	0.00334448160535117
vmr_mpagominimo_lag1	0.000499458966354905	0.00138478849526759	0.000836120401337793
mrentabilidad_rank_tend3	0.000496354413898161	0.0019926872387816	0.00313545150501672
ccallcenter_transacciones_avg3	0.000492755336725403	0.00320692433191156	0.00334448160535117
mpasivos_margen_rank_tend3	0.000491704219644022	0.00263754811820175	0.00397157190635452
ccomisiones_mantenimiento_avg3	0.000486395765828832	0.00846385018281596	0.00480769230769231
mcuenta_corriente_rank_lag2	0.000475957844956005	0.0035149083865933	0.00418060200668896
Visa_fechaalta_lag2	0.00047107389767361	0.00199572005806263	0.00292642140468227
mcomisiones_mantenimiento_rank_delta2	0.000467767075138114	0.000901796665181456	0.00125418060200669
ctarjeta_visa_transacciones_tend3	0.000465424339752206	0.000921905848825914	0.00104515050167224
mactivos_margen_rank_delta2	0.000465161216224715	0.00371423038029447	0.00418060200668896
mcuentas_saldo_rank_lag1	0.000456648769510443	0.00165900730158642	0.00250836120401338
mcuenta_corriente_rank_delta1	0.00044895167360547	0.00390117185274551	0.00438963210702341
mcomisiones_otras_rank_delta2	0.00044844080354939	0.00196195062072281	0.00271739130434783
mtarjeta_visa_consumo_rank_delta1	0.000439643416516479	0.00271847426491495	0.00188127090301003
cproductos_avg3	0.000436429574142785	0.00179244506648642	0.00209030100334448
vmr_mpagominimo_delta2	0.000434448698576616	0.00158832320341207	0.00167224080267559
Visa_msaldototal_rank	0.000430842576667965	0.00114135587656762	0.00167224080267559
Visa_mlimitecompra_rank_delta2	0.00042971615812103	0.00204132824230586	0.00397157190635452
vm_Finiciomora_lag1	0.000418009806832587	0.0038060297147339	0.00167224080267559
mrentabilidad_rank	0.000417806944750161	0.00258624920882968	0.00376254180602007
mcuenta_debitos_automaticos_rank_delta2	0.000411931087223812	0.00608004305732072	0.00313545150501672
mrentabilidad_rank_delta2	0.000404718010395877	0.003415585649628	0.00376254180602007
mactivos_margen_rank_delta1	0.000402032102665053	0.0026814227641681	0.00355351170568562
ccaja_ahorro_avg3	0.000400647991065134	0.00330232269567735	0.00167224080267559
Visa_msaldopesos_rank	0.000394011626640014	0.00138906683701579	0.00229933110367893
cliente_antiguedad_avg3	0.000392320315814629	0.00261613406825061	0.00292642140468227
ctarjeta_visa_transacciones_delta1	0.000388076311025134	0.00153669127037585	0.000836120401337793
mpayroll_sobre_edad_rank_delta2	0.000384410196175817	0.00195813655724853	0.00125418060200669
cproductos_delta1	0.000382478778257237	0.00146568182832835	0.000836120401337793
mttarjeta_visa_debitos_automaticos_rank_lag2	0.000378916661955052	0.0023007048052786	0.00250836120401338
mrentabilidad_annual_rank_delta2	0.000378333607348937	0.0014705508158205	0.00271739130434783
vm_mpagospesos_rank_delta2	0.000375461031909426	0.00139513666455476	0.00188127090301003
cprestamos_personales	0.000374879323060298	0.00107238297545998	0.00125418060200669
cliente_edad_lag1	0.000369388535348383	0.00178832311320943	0.00334448160535117
mcaja_ahorro_rank_delta2	0.000367456358284836	0.00189969195143507	0.00271739130434783
mpasivos_margen_rank_delta2	0.000365988347686946	0.00127946365255666	0.00292642140468227
Visa_delinquency_avg3	0.000365098877801945	0.00158429340762705	0.00125418060200669
mcomisiones_otras_rank_lag1	0.000360814132052842	0.00133517634726361	0.00271739130434783
vm_Fvencimiento_avg3	0.000360038297758392	0.00121064504543178	0.00271739130434783
cliente_antiguedad	0.000359743771010489	0.00325451180774359	0.00376254180602007
mcaja_ahorro_rank_delta1	0.000358322075871287	0.00250817854804176	0.00355351170568562
Master_mlimitecompra_rank	0.000357146953969239	0.00191390305559377	0.00313545150501672
Master_Fvencimiento_avg3	0.000355871911767596	0.00193186818122441	0.00313545150501672
cliente_antiguedad_lag2	0.000352617089044831	0.00257377862457605	0.00334448160535117
thomebanking_avg3	0.000350301569113817	0.00132406578417928	0.00271739130434783
Master_Fvencimiento_lag1	0.000345441279333449	0.00168403434412029	0.00271739130434783
mactivos_margen_rank_lag1	0.000342677851471205	0.00243468713717657	0.00313545150501672
ctrx_quarter_tend3	0.000341529734210356	0.00145828968041224	0.00125418060200669
mcaja_ahorro_rank_lag1	0.000339993205387557	0.00112780174362059	0.00229933110367893
mactivos_margen_rank_tend3	0.000339648517448535	0.00310068559407197	0.00313545150501672
vm_cconsumos_lag1	0.000334989745071937	0.00316948185998668	0.00229933110367893
mcaja_ahorro_dolares_rank	0.000327802236548417	0.00477608994759999	0.00355351170568562
vm_Fvencimiento_lag1	0.000326233612823316	0.00172755990867768	0.00292642140468227
Visa_mlimitecompra_rank_delta1	0.000323065491141413	0.00144211604057238	0.00334448160535117
Master_Fvencimiento	0.000320668943807666	0.00128590420455194	0.00229933110367893
mcuentas_saldo_rank_lag2	0.000317976825969081	0.00260139305851311	0.00250836120401338
Visa_fultimo_cierre	0.000317291395703869	0.00116072570578791	0.00229933110367893
vm_status04	0.000316665832214606	9.73162170266097e-05	0.000209030100334448
cmobile_app_trx	0.000314538800754036	0.00189633309011808	0.00229933110367893
Visa_mfinanciacion_limite_rank	0.000314414658985342	0.000979574097585845	0.00188127090301003
vm_fechaalta_tend3	0.000306819310072542	0.0004318814246749	0.000627090301003345
ccheques_depositados_avg3	0.000305825018873919	0.00320183402680613	0.00146321070234114
mcaja_ahorro_dolares_rank_delta2	0.000305489579240022	0.00211737772173591	0.00167224080267559
cdescubierto_preacordado_delta1	0.000305101244239566	0.00254950699421117	0.00104515050167224
mcaja_ahorro_dolares_rank_lag2	0.000303541436408892	0.00140814343785255	0.00188127090301003
Visa_mconsumospesos_rank	0.000300854793256381	0.00145692896108012	0.00229933110367893
Visa_mpagominimo_rank_delta2	0.000299820886336464	0.000971985765917907	0.00209030100334448
ctarjeta_visa_debitos_automaticos_avg3	0.000298890120690597	0.00155012671564384	0.00229933110367893
mcomisiones_otras_rank	0.000298386518045744	0.00225261465221767	0.00229933110367893
mtransferencias_recibidas_rank_lag2	0.000298051806824383	0.00224070818352092	0.00292642140468227
vmr_msaldototal	0.000294413084815396	0.00123814428250389	0.00104515050167224
mautoservicio_rank	0.000293991799526638	0.00129008131269154	0.00167224080267559
cliente_edad	0.000290963283148386	0.00215029609860069	0.00250836120401338
Visa_cconsumos_lag2	0.000289849596993774	0.00159106977593776	0.00229933110367893
ctransferencias_recibidas_avg3	0.000289617293242273	0.00186407028813932	0.00229933110367893
Master_Fvencimiento_lag2	0.000289495983170572	0.00150553366013786	0.00292642140468227
chomebanking_transacciones_lag2	0.000289459199146271	0.00146880959775261	0.00271739130434783
ccallcenter_transacciones_delta1	0.000287239367605162	0.00132627896031207	0.000627090301003345
Visa_mpagospesos_rank_delta2	0.000284863511285084	0.0020119565325561	0.00250836120401338
mcomisiones_rank_lag1	0.000281473290636329	0.000669524877288704	0.00167224080267559
Visa_msaldototal_rank_delta1	0.000279198079254224	0.00185578937895601	0.00250836120401338
mcuentas_saldo_rank_avg3	0.000278585042196079	0.00373122715409665	0.00271739130434783
Master_msaldopesos_rank	0.000276886847306109	0.000817926365865106	0.000836120401337793
ctransferencias_recibidas_lag1	0.00027586961677385	0.000935543761311102	0.00209030100334448
mcomisiones_mantenimiento_rank_lag1	0.000275118305881155	0.00279733803866401	0.00229933110367893
ccomisiones_otras_lag1	0.000272552919962131	0.00206066595603652	0.00250836120401338
ctarjeta_debito_transacciones	0.000269202115543451	0.0012302773838716	0.000836120401337793
Master_fechaalta	0.000265677097059864	0.00165983392636284	0.00250836120401338
mrentabilidad_rank_lag1	0.000264482410460791	0.00134732507845818	0.00271739130434783
vm_fechaalta_lag2	0.000263753147661227	0.00178235102846497	0.00271739130434783
Visa_msaldopesos_rank_delta2	0.00026325737423801	0.000852947609137451	0.00188127090301003
mcaja_ahorro_rank_tend3	0.000263163292561174	0.00271024571794298	0.00250836120401338
vm_cconsumos_delta2	0.000262630350688682	0.00163241009087506	0.00104515050167224
mcuenta_corriente_rank_tend3	0.000261051102708204	0.00123679473377685	0.00209030100334448
ctransferencias_recibidas_lag2	0.00026062484820099	0.00081089377180023	0.00167224080267559
Master_fechaalta_avg3	0.000259730314473994	0.000908524162094902	0.00188127090301003
Visa_Fvencimiento_lag2	0.000256859378097479	0.000978019288990344	0.00209030100334448
cdescubierto_preacordado_lag2	0.000256798745706578	0.000169670320661421	0.000209030100334448
mcomisiones_rank	0.00025574489721298	0.00072046493097237	0.00188127090301003
mcomisiones_rank_tend3	0.000254784381495394	0.00188846479516015	0.00229933110367893
mplazo_fijo_dolares_rank	0.000254527565664613	0.00431389289704551	0.00209030100334448
ccomisiones_otras_avg3	0.000252507794163037	0.000861528030169649	0.00146321070234114
vm_msaldototal_rank_delta1	0.000252126602026587	0.0015278008650525	0.00167224080267559
Master_fultimo_cierre	0.000250029227901276	0.00131521307964809	0.00229933110367893
vm_fultimo_cierre_avg3	0.000248179377090055	0.00281505741098274	0.00250836120401338
Visa_mfinanciacion_limite_rank_delta1	0.000244178228059267	0.000909745248863439	0.00229933110367893
vmr_mpagospesos_avg3	0.000243880840566831	0.00216686978573521	0.00146321070234114
Visa_fultimo_cierre_avg3	0.00024340722738316	0.00333258945015968	0.00250836120401338
mprestamos_personales_rank_lag2	0.000240045367376735	0.00434578846538204	0.00250836120401338
vm_mlimitecompra_rank_delta2	0.00023940756051822	0.000642933251879888	0.00229933110367893
Master_fechaalta_lag2	0.000239356712902076	0.00121560898306717	0.00188127090301003
thomebanking	0.000238763137021187	0.000744397952370559	0.00125418060200669
vmr_mpagospesos	0.000238171093448534	0.000527031940640332	0.00125418060200669
cmobile_app_trx_lag1	0.000237456661473261	0.00250499492559206	0.00188127090301003
vm_mconsumosdolares_rank	0.000237092833699597	0.00150111219501199	0.00146321070234114
mpasivos_margen_rank_delta1	0.000236823499525179	0.00126800959336592	0.00209030100334448
ctrx_quarter_lag2	0.000235902437240084	0.0010249609642158	0.00209030100334448
Visa_cconsumos_avg3	0.000235850494039727	0.000600220348842554	0.00146321070234114
chomebanking_transacciones_lag1	0.000235426598381397	0.00181604157340637	0.00229933110367893
ctransferencias_emitidas_avg3	0.000233616614003408	0.00203895169607367	0.00209030100334448
vm_mfinanciacion_limite_rank	0.000233122904505569	0.000971985067755089	0.00188127090301003
ccajas_consultas_avg3	0.000232604261301061	0.00633995092219789	0.00292642140468227
mv_status07_rank_delta2	0.000232502576312916	0.00503338738170097	0.00229933110367893
mtransferencias_recibidas_rank_lag1	0.000230764704775955	0.00204556748693625	0.00209030100334448
ccaja_ahorro_lag2	0.000229937512275671	0.00966772095442549	0.00418060200668896
Visa_mpagospesos_rank_lag1	0.000229591547592841	0.000975420726982058	0.00167224080267559
vm_mfinanciacion_limite_rank_delta1	0.000228360227396631	0.00158194688239604	0.00250836120401338
vmr_mpagominimo_delta1	0.000222350343042055	0.00115654161602013	0.00104515050167224
mcaja_ahorro_dolares_rank_avg3	0.000220664510676903	0.000926294500299339	0.00167224080267559
vm_status05_delta2	0.000220058494092205	0.00227523512751818	0.00146321070234114
mtransferencias_emitidas_rank	0.000217903459456005	0.00222790876458005	0.00167224080267559
Master_mfinanciacion_limite_rank_delta2	0.000217341340644679	0.00119421936881465	0.00229933110367893
Visa_mpagominimo_rank_lag2	0.000217216144268347	0.00158710490929481	0.00209030100334448
Visa_fechaalta_tend3	0.000217119738249215	0.000258453591727451	0.000418060200668896
cmobile_app_trx_lag2	0.000216493113682328	0.000489617395228169	0.00146321070234114
ccomisiones_otras	0.000216311135634806	0.00154348439459418	0.00209030100334448
vm_mconsumospesos_rank_lag2	0.000216270275519631	0.000792244446608036	0.00146321070234114
vmr_mpagominimo	0.000216249936041841	0.00118258169280279	0.00125418060200669
Master_msaldototal_rank_lag1	0.000216123747601064	0.00125015547562333	0.00104515050167224
mtransferencias_emitidas_rank_delta2	0.000215345089157938	0.00523343825738404	0.00229933110367893
Visa_status_tend3	0.000213533318524782	0.00149435886607428	0.00104515050167224
mtarjeta_visa_consumo_rank_avg3	0.000211561660531306	0.00319877677182647	0.00209030100334448
Visa_fechaalta_delta2	0.00020992998733655	0.000325437426966846	0.000627090301003345
Visa_cconsumos_lag1	0.000208560727049209	0.00117745927220774	0.00167224080267559
vm_status01_avg3	0.000207589797889941	0.00132933062998919	0.000836120401337793
Master_mfinanciacion_limite_rank	0.000207555858502603	0.00144027917419844	0.00167224080267559
ccajas_transacciones_avg3	0.000207477390518306	0.00149603585316292	0.00188127090301003
vmr_mpagominimo_lag2	0.000206643455753952	0.00272143238077446	0.00167224080267559
mcomisiones_mantenimiento_rank_lag2	0.000206572840175405	0.00103927749096	0.00146321070234114
cprestamos_personales_avg3	0.000206339830117152	0.00184083822221032	0.00146321070234114
Visa_msaldopesos_rank_delta1	0.000206034417686019	0.0013041039128894	0.00167224080267559
Visa_fechaalta_lag1	0.000204902711543423	0.000616712350927385	0.00146321070234114
vm_fechaalta_avg3	0.00020451667985781	0.000565272412666091	0.00146321070234114
mpayroll_rank_delta1	0.000200915512879732	0.00264535986197142	0.00146321070234114
ctarjeta_visa_debitos_automaticos_tend3	0.000199389140855856	0.00238821881634166	0.00146321070234114
vm_fechaalta	0.000198892299885029	0.00126215829078896	0.00146321070234114
cprestamos_personales_lag1	0.00019886347609957	0.00115126490144232	0.000836120401337793
ccajas_consultas_delta2	0.000198275449848755	0.00259638792927147	0.00125418060200669
vm_status04_delta2	0.000197936143859348	0.00118959264382032	0.000836120401337793
mrentabilidad_rank_delta1	0.000197809152062036	0.00050579103506803	0.00167224080267559
azar_sampling	0.0001954464664758	0.00140414715388279	0.00209030100334448
mcaja_ahorro_dolares_rank_delta1	0.000194572222623372	0.00143517560399947	0.00104515050167224
vm_cconsumos_lag2	0.0001927028184376	0.0012042708189042	0.000836120401337793
mttarjeta_visa_debitos_automaticos_rank_lag1	0.000192330277750111	0.00153201008868172	0.00146321070234114
Visa_mconsumosdolares_rank_lag2	0.000190684810546242	0.0022284952213471	0.00167224080267559
tcallcenter_avg3	0.000190474926372873	0.00102367215565393	0.00167224080267559
ccallcenter_transacciones_tend3	0.00018746585257067	0.000738615767912572	0.000627090301003345
vmr_msaldopesos2_lag1	0.000186788721140209	0.00230366850644066	0.00188127090301003
vm_mfinanciacion_limite_rank_lag1	0.000185519735923336	0.00171864367133006	0.00167224080267559
Master_mfinanciacion_limite_rank_delta1	0.000185115182286696	0.00191763264136708	0.00188127090301003
ccajas_extracciones_avg3	0.000184590225993824	0.0030660567183033	0.00209030100334448
vm_cconsumos_avg3	0.000184183915756118	0.00131379929994181	0.00146321070234114
Visa_Finiciomora	0.00018380584862267	0.00362638264740445	0.00146321070234114
mtransferencias_recibidas_rank_delta1	0.000183409254685707	0.00104894634782533	0.00167224080267559
vm_Fvencimiento	0.000183345643944809	0.00046544630030907	0.00104515050167224
vm_fultimo_cierre_tend3	0.000178475419501686	0.00109466135097971	0.00104515050167224
Visa_Fvencimiento_tend3	0.000175280337929318	0.000283135043666447	0.000627090301003345
Visa_Fvencimiento	0.00017514135617052	0.000680785545378885	0.00146321070234114
ccomisiones_otras_lag2	0.000174865995743763	0.000595535676334332	0.00146321070234114
mcuenta_debitos_automaticos_rank_lag2	0.000174142396877349	0.00120306160090357	0.00167224080267559
Master_mlimitecompra_rank_delta2	0.000173423735688213	0.000801327544869134	0.00146321070234114
vm_mlimitecompra_rank_delta1	0.000172346600638424	0.00146469951324354	0.00188127090301003
vmr_mpagominimo_avg3	0.000172044159008973	0.000654165295294534	0.00125418060200669
Visa_msaldototal_rank_delta2	0.000171867279310034	0.00100839495687227	0.00167224080267559
mautoservicio_rank_tend3	0.000171854036328021	0.00151277221223402	0.00104515050167224
mpayroll_rank_lag2	0.000169393653960544	0.00103244038248414	0.000627090301003345
Visa_mpagospesos_rank_lag2	0.000168181146325542	0.000586510525587121	0.00167224080267559
mpayroll_sobre_edad_rank_lag2	0.000166877901457049	0.000653447583917715	0.00104515050167224
mpayroll_sobre_edad_rank_lag1	0.000165287136902358	0.00141227795806025	0.00125418060200669
vmr_msaldopesos2_avg3	0.000164239812310818	0.000777799457905336	0.00125418060200669
mcomisiones_rank_delta2	0.000164193485057886	0.00148506422447935	0.00167224080267559
Visa_mfinanciacion_limite_rank_delta2	0.000161991913972555	0.000449938009634683	0.00146321070234114
mautoservicio_rank_avg3	0.000160941745822383	0.000969595954592177	0.00125418060200669
mcomisiones_otras_rank_delta1	0.000160426414711292	0.00130957750938187	0.00188127090301003
ctarjeta_debito_transacciones_avg3	0.000160109105055132	0.000988606229961235	0.00146321070234114
ctarjeta_visa_transacciones_lag1	0.000159524647540492	0.000794328462619517	0.00125418060200669
Visa_mpagospesos_rank_delta1	0.000159143628476155	0.00299208566958219	0.00250836120401338
mcomisiones_rank_delta1	0.000158959512637586	0.00148015055456685	0.00167224080267559
vmr_mpagospesos_lag1	0.00015823615639563	0.00214373336811227	0.00167224080267559
Visa_mconsumototal_rank	0.000157438333855415	0.00118199104705884	0.00146321070234114
tcallcenter	0.00015734152454052	0.000446588922597136	0.000418060200668896
mautoservicio_rank_delta1	0.000155745371566228	0.00135800138426976	0.00146321070234114
vmr_msaldopesos2	0.000154347381308219	0.00179156607949866	0.00167224080267559
vmr_Master_mlimitecompra_avg3	0.000153367739235127	0.000670248173968066	0.00125418060200669
Visa_cconsumos_delta2	0.000151691367606291	0.00103482949564705	0.00104515050167224
Master_fechaalta_lag1	0.000150620486336665	0.000601922469792635	0.00125418060200669
vmr_Visa_mlimitecompra_lag2	0.000149670473562229	0.000386638379585436	0.00125418060200669
ctarjeta_debito_tend3	0.000149488662655999	0.00264708781494577	0.00104515050167224
ctarjeta_master_transacciones_delta1	0.000149383487649836	0.00239397865958947	0.00104515050167224
Visa_mconsumosdolares_rank	0.000149343067493677	0.00135809284359891	0.00125418060200669
mtransferencias_emitidas_rank_lag1	0.000148502789447694	0.00376291746256472	0.00229933110367893
Master_fultimo_cierre_lag1	0.000147926999017814	0.000591188914629981	0.00104515050167224
mtarjeta_visa_consumo_rank_lag1	0.000144679469586218	0.000359140538838963	0.00104515050167224
vmr_msaldopesos	0.000144022908396363	0.00067380950250226	0.000627090301003345
Visa_Fvencimiento_lag1	0.000142912664813209	0.00137031208923809	0.00146321070234114
vmr_mpagosdolares_avg3	0.000142300889402239	0.00273217850286784	0.00146321070234114
ctrx_quarter_lag1	0.000141410326089686	0.00186861183726987	0.00146321070234114
cmobile_app_trx_delta1	0.000139989604615908	0.00118722726819321	0.00125418060200669
vm_status01_tend3	0.000139611626983927	0.00127582133713559	0.000627090301003345
Visa_mlimitecompra_rank_lag1	0.000138835307440564	0.000715901040631648	0.00146321070234114
mautoservicio_rank_delta2	0.000138180289342254	0.000781332161763995	0.000627090301003345
Visa_mconsumototal_rank_lag2	0.000135627245998926	0.000323617316500537	0.000418060200668896
vmr_mconsumospesos_lag1	0.000134800337638839	0.000462583832755611	0.00125418060200669
Visa_mconsumospesos_rank_delta2	0.000134495871982253	0.000358422827462145	0.00125418060200669
Master_mfinanciacion_limite_rank_lag2	0.000134409613596233	0.00130039736648908	0.00146321070234114
ctarjeta_debito_transacciones_tend3	0.000134018789268851	0.000852227803272178	0.00104515050167224
vmr_msaldopesos2_tend3	0.000133963102103543	0.000637646763022621	0.00125418060200669
catm_trx_other_avg3	0.000133437370490741	0.0010409879898639	0.000836120401337793
Visa_mpagominimo_rank_delta1	0.000133174554287561	0.000884842479311163	0.00125418060200669
ctrx_quarter_normalizado_lag1	0.000132865690119158	0.000524439662097407	0.00104515050167224
vm_mconsumospesos_rank	0.000131634049658664	0.00272352617106539	0.00146321070234114
vm_mfinanciacion_limite_rank_lag2	0.000130529570293436	0.000602626217913095	0.00104515050167224
Visa_mconsumospesos_rank_lag2	0.000130298497995844	0.000690719704115023	0.00146321070234114
Master_mpagospesos_rank_lag2	0.000129503191201663	0.00375826141473203	0.00188127090301003
mpayroll_sobre_edad_rank_delta1	0.000129328043302181	0.00397704260249417	0.00188127090301003
vmr_mconsumosdolares_avg3	0.000129047566195214	0.00200047524501546	0.00167224080267559
Master_mlimitecompra_rank_lag1	0.000128217701186539	0.000817795111255338	0.00146321070234114
mcuenta_debitos_automaticos_rank_lag1	0.000127580903510973	0.000953783963091997	0.00104515050167224
cseguro_accidentes_personales_lag2	0.000127294431962428	0.00033799039443299	0.000627090301003345
ctrx_quarter_normalizado_lag2	0.000126365668237912	0.00090097073856786	0.000836120401337793
chomebanking_transacciones_tend3	0.000126308904359182	0.00185007980343109	0.00146321070234114
vmr_msaldopesos_lag2	0.000125541029225244	0.000841475397713441	0.00104515050167224
vmr_mpagado_avg3	0.000123838381367744	0.000719676006988124	0.00125418060200669
vmr_Visa_mlimitecompra	0.000123060831448803	0.000452978508706711	0.00104515050167224
vm_Fvencimiento_lag2	0.000121900768438036	0.000248610194157641	0.000836120401337793
vm_mfinanciacion_limite_rank_delta2	0.000121592432112617	0.00195377303963655	0.00167224080267559
vm_mlimitecompra_rank	0.000121395768815477	0.00120211070314556	0.00104515050167224
vm_fechaalta_delta2	0.000121104464187755	0.000116132403132286	0.000209030100334448
mcaja_ahorro_dolares_rank_tend3	0.000120289747976201	0.000972124700318672	0.00104515050167224
chomebanking_transacciones_delta1	0.000120189460504928	0.000897480622641094	0.00146321070234114
ctarjeta_visa_transacciones_avg3	0.000119755293205431	0.000332512608963615	0.000836120401337793
vm_status04_delta1	0.000119359296663797	0.00164011571389641	0.000836120401337793
vmr_mconsumospesos_lag2	0.000119148747160251	0.000774185068996981	0.000627090301003345
Master_mpagominimo_rank	0.000118828028360892	0.0011607096480431	0.00104515050167224
Visa_msaldototal_rank_lag1	0.00011866810918981	0.000261348872933352	0.00104515050167224
vmr_mconsumosdolares	0.00011816577196629	0.000825870760570182	0.000836120401337793
cprestamos_personales_lag2	0.000116820365976369	0.00354821424382202	0.00188127090301003
ctarjeta_visa_delta2	0.000116326754067478	0.0011664262051962	0.000627090301003345
Master_mlimitecompra_rank_delta1	0.000115764154320562	0.000737000219151912	0.00104515050167224
ctransferencias_recibidas_tend3	0.000114642325689182	0.00164916390401661	0.00125418060200669
Visa_fultimo_cierre_delta2	0.000112980284539091	0.000284955852295574	0.000627090301003345
vmr_mpagospesos_lag2	0.000112891194995244	0.00198407051328287	0.00125418060200669
mtransferencias_recibidas_rank_delta2	0.00011144086686776	0.000834701822054012	0.00125418060200669
Master_msaldototal_rank	0.000110869986617719	0.00280511417612997	0.00125418060200669
cmobile_app_trx_delta2	0.000110668183456255	0.000320793247902063	0.000627090301003345
cextraccion_autoservicio_avg3	0.000110582478793161	0.00072837441753655	0.00104515050167224
Visa_mlimitecompra_rank_lag2	0.000110525725158575	0.000658309589781688	0.00125418060200669
Visa_Fvencimiento_avg3	0.00011009926522932	0.00114157649601809	0.00125418060200669
Visa_mlimitecompra_rank	0.000109978504567223	0.00180101012793662	0.00146321070234114
vm_mlimitecompra_rank_lag1	0.000108760171788598	0.000608201746176979	0.000836120401337793
vmr_mconsumospesos	0.000107629844831247	0.000796480898587155	0.00104515050167224
vm_mpagominimo_rank_lag2	0.000106429312600264	0.00123614683868183	0.000836120401337793
vm_msaldototal_rank_delta2	0.000104275913252903	0.00117268593302164	0.00104515050167224
vmr_msaldopesos_delta2	0.000103850442692266	0.00104857213255493	0.00104515050167224
Visa_msaldopesos_rank_lag1	0.000103334441937674	0.000634548316436706	0.00104515050167224
ctarjeta_debito_lag2	0.000102863491692207	0.000428648930827945	0.000836120401337793
vm_mconsumototal_rank	0.000102559234153488	0.00118385025464295	0.00104515050167224
Visa_mfinanciacion_limite_rank_lag2	0.000102175174735125	0.000381712142742214	0.00104515050167224
mttarjeta_visa_debitos_automaticos_rank	0.000101863862755536	0.00130594008110052	0.00104515050167224
matm_other_rank_lag2	0.000101787466244933	0.00111299650290384	0.000836120401337793
Master_delinquency_avg3	0.000101574970354079	0.000502006992594921	0.000418060200668896
vm_status02_tend3	0.000101210863292706	8.91882055004219e-05	0.000418060200668896
vmr_mpagospesos_delta1	0.000101085800090242	0.00206119935242941	0.00125418060200669
Master_cconsumos_avg3	0.000100439228018854	0.00123735815117091	0.00104515050167224
vm_mconsumototal_rank_delta2	0.000100339492113845	0.000235872911707567	0.00104515050167224
vmr_Master_mlimitecompra_lag2	9.97394311508109e-05	0.000229076994837964	0.000627090301003345
ctarjeta_debito_transacciones_delta1	9.95305422768798e-05	0.00343326732115456	0.00167224080267559
ctarjeta_debito_transacciones_lag1	9.83661734907542e-05	0.000509892043460474	0.00104515050167224
ccaja_seguridad_avg3	9.71125938485526e-05	0.00260587177299005	0.00104515050167224
cseguro_accidentes_personales_avg3	9.62955117789633e-05	0.00179588980183002	0.00104515050167224
mcaja_ahorro_dolares_rank_lag1	9.45603554792555e-05	0.000854844517513731	0.00125418060200669
vm_msaldopesos_rank_lag1	9.44071774939121e-05	0.000363898518443066	0.000627090301003345
ctransferencias_recibidas	9.43754573116053e-05	0.00117316417455191	0.000836120401337793
Visa_cconsumos	9.34102336012288e-05	0.00032733293901749	0.00104515050167224
Visa_mfinanciacion_limite_rank_lag1	9.29183405518226e-05	0.00118054235921166	0.00125418060200669
cforex_avg3	9.27296730784459e-05	0.00100681222176405	0.000836120401337793
ctarjeta_debito	9.22710492337113e-05	0.000380514095346669	0.000627090301003345
mextraccion_autoservicio_rank_delta2	9.2086159153543e-05	0.00208406488287901	0.00125418060200669
vmr_Visa_mlimitecompra_avg3	9.17803515141285e-05	0.000749288582910066	0.000836120401337793
cdescubierto_preacordado_lag1	9.04319925149864e-05	0.000768834349160466	0.000627090301003345
vmr_msaldototal_tend3	8.99757016391946e-05	0.000624259490989066	0.000836120401337793
Visa_msaldototal_rank_lag2	8.98306677481153e-05	0.000337955486292095	0.000627090301003345
vm_fultimo_cierre_lag2	8.86112372286151e-05	0.000423973334436356	0.000836120401337793
mtarjeta_visa_consumo_rank_tend3	8.81868838188102e-05	0.00105383907285329	0.00104515050167224
tcuentas_lag2	8.77012472453947e-05	0.00423534050391323	0.00167224080267559
Visa_msaldopesos_rank_lag2	8.7699749982914e-05	0.000433036185975735	0.000836120401337793
Master_mlimitecompra_rank_lag2	8.73763445220705e-05	0.000364318114296634	0.000836120401337793
Master_mpagominimo_rank_lag1	8.73038170628044e-05	0.000904328203559222	0.000836120401337793
mplazo_fijo_dolares_rank_delta2	8.72559176033923e-05	0.000658710335239172	0.000836120401337793
vmr_mpagado	8.68046867954368e-05	0.00185189153594358	0.00104515050167224
vm_status05_avg3	8.65724067672156e-05	0.000676300547436587	0.000418060200668896
vmr_msaldototal_lag2	8.59621841527682e-05	0.000919780641208175	0.000836120401337793
vm_mconsumototal_rank_lag1	8.57322295451733e-05	0.00013438307735545	0.000627090301003345
Visa_fechaalta_avg3	8.56593764299698e-05	0.00097853662763842	0.00104515050167224
cforex_buy_avg3	8.37892535366404e-05	0.0023559169172451	0.00104515050167224
ctarjeta_master_transacciones_avg3	8.35897580033427e-05	0.00139473452277164	0.00104515050167224
cpagomiscuentas	8.35714840684277e-05	0.000253978368064604	0.000418060200668896
ccajas_depositos_avg3	8.31098053122002e-05	0.00214291721577812	0.00125418060200669
Master_msaldopesos_rank_delta2	8.1219028607618e-05	0.000697947783768916	0.000627090301003345
vmr_msaldopesos2_delta1	8.11591235509216e-05	0.000923171618014797	0.00104515050167224
Master_fultimo_cierre_lag2	8.10456135859219e-05	0.000301155324159698	0.000836120401337793
vm_mlimitecompra_rank_lag2	8.03539343930355e-05	0.000837469339464234	0.000836120401337793
vm_msaldopesos_rank_delta2	7.82329674655527e-05	0.000389141991450485	0.000836120401337793
mtransferencias_emitidas_rank_delta1	7.81635520693182e-05	0.00215843039359223	0.00104515050167224
vm_mpagospesos_rank_lag1	7.81204306942071e-05	0.000249336981651093	0.000627090301003345
vmr_mconsumospesos_avg3	7.76667369784332e-05	0.000775758727988565	0.000836120401337793
cpagomiscuentas_avg3	7.7554640705268e-05	0.000691917751510568	0.000836120401337793
ctarjeta_visa_transacciones_lag2	7.74341695750221e-05	0.000694056224221848	0.000836120401337793
cproductos_lag1	7.74215935406819e-05	0.000113808219111441	0.000418060200668896
ctransferencias_emitidas_tend3	7.68083747837766e-05	0.000603864758752079	0.000418060200668896
Master_msaldopesos_rank_lag1	7.49512581788241e-05	0.00117335896197811	0.000627090301003345
vmr_mconsumototal	7.49400370672833e-05	0.000266837130844996	0.000627090301003345
Master_mpagospesos_rank	7.41205681122052e-05	0.000406968182680356	0.000627090301003345
Master_mpagominimo_rank_lag2	7.38546021044123e-05	0.000163122949754997	0.000627090301003345
vmr_mconsumototal_lag1	7.37684046440888e-05	0.000251340010775696	0.000418060200668896
mtransferencias_emitidas_rank_lag2	7.32410787190225e-05	0.00211600722812434	0.00125418060200669
Master_msaldototal_rank_delta1	7.2482733334579e-05	0.00100255342857476	0.000627090301003345
vmr_mconsumototal_lag2	7.17963271798853e-05	0.000120328361667966	0.000418060200668896
vm_status02_avg3	7.16880034474395e-05	0.00100468561782068	0.000627090301003345
vmr_Master_mlimitecompra	7.16787459765018e-05	0.000181736668643477	0.000627090301003345
vmr_mconsumospesos_delta2	7.1536221900636e-05	0.00115948367413483	0.000836120401337793
mpayroll_rank_lag1	7.09339902574622e-05	0.00119745814612697	0.000836120401337793
Visa_cconsumos_delta1	6.99131669961652e-05	0.000700043668548303	0.00104515050167224
vm_fultimo_cierre	6.89597550530902e-05	0.000210611286466882	0.000627090301003345
vm_mpagado_rank	6.88153007648798e-05	0.000707178194384595	0.000418060200668896
cproductos_lag2	6.84393083401202e-05	0.000212258950717166	0.000627090301003345
cpayroll_trx_avg3	6.83365606568554e-05	0.000280951190372003	0.000418060200668896
Visa_delinquency_lag1	6.74942850028452e-05	0.000164996818758286	0.000209030100334448
mtarjeta_visa_consumo_rank_lag2	6.74186487155402e-05	9.89729573935263e-05	0.000418060200668896
cinversion1_lag2	6.68579026194737e-05	0.00211767025195661	0.000836120401337793
Master_fultimo_cierre_delta2	6.66702137314057e-05	0.00028613016215531	0.000418060200668896
ctransferencias_recibidas_delta2	6.59935362782613e-05	0.000852308091996239	0.000627090301003345
mpagomiscuentas_rank_lag2	6.59617287511501e-05	0.000257319077148336	0.000627090301003345
ctrx_quarter_avg3	6.57652741110435e-05	0.000221010421639753	0.000627090301003345
ccomisiones_otras_delta2	6.57583350515811e-05	0.000214271055958402	0.000627090301003345
matm_other_rank	6.57389186250576e-05	0.00104850441076159	0.000627090301003345
vm_mconsumosdolares_rank_lag1	6.55436900472056e-05	0.000550468568274982	0.000627090301003345
Master_mconsumototal_rank_delta1	6.51273130512069e-05	0.000488216880615427	0.000627090301003345
Master_cconsumos	6.49164443617089e-05	0.000169619354775713	0.000418060200668896
catm_trx_lag2	6.4879070490395e-05	0.00098207910577653	0.000627090301003345
Visa_mconsumospesos_rank_lag1	6.48417462223033e-05	0.000421854410283979	0.000627090301003345
Visa_fultimo_cierre_delta1	6.43938118719665e-05	0.000202369474401374	0.000418060200668896
mextraccion_autoservicio_rank_lag2	6.43150451900044e-05	0.000257148027257946	0.000627090301003345
vmr_msaldopesos2_delta2	6.42542348745017e-05	0.000386403796878615	0.000627090301003345
vm_status06_avg3	6.41705887451321e-05	0.000252824304926587	0.000209030100334448
vm_mpagominimo_rank_delta2	6.37242007213329e-05	0.000285716849767103	0.000836120401337793
vmr_Visa_mlimitecompra_lag1	6.35371070719322e-05	0.000787820188830897	0.000627090301003345
vm_mpagominimo_rank_lag1	6.3501090819245e-05	0.000526944670288092	0.000418060200668896
vm_msaldopesos_rank_delta1	6.34232407185638e-05	0.000308231204319285	0.000627090301003345
vmr_mconsumosdolares_lag1	6.28439710539744e-05	0.000498827559122127	0.000627090301003345
vmr_msaldopesos2_lag2	6.18934751872865e-05	0.00019900572594465	0.000627090301003345
vmr_mpagospesos_tend3	6.18464901524936e-05	0.000349966679411536	0.000627090301003345
vmr_msaldodolares_avg3	6.16835575856589e-05	0.000651083604616249	0.000627090301003345
Visa_msaldodolares_rank_lag2	6.07426653341337e-05	0.000167900477918002	0.000418060200668896
chomebanking_transacciones_delta2	5.9902731814879e-05	0.000161744078189611	0.000418060200668896
ctarjeta_visa_debitos_automaticos_lag1	5.91602815673438e-05	0.000332897296676287	0.000418060200668896
vm_mpagominimo_rank_delta1	5.90093152387148e-05	0.000524050785407827	0.000627090301003345
mextraccion_autoservicio_rank_delta1	5.88088060743536e-05	0.00080560518845451	0.000627090301003345
vmr_msaldototal_delta2	5.86881483928587e-05	0.000945151878011273	0.000418060200668896
ctarjeta_debito_transacciones_lag2	5.84886474679065e-05	9.96257396282785e-05	0.000418060200668896
Visa_delinquency_tend3	5.7073394210218e-05	0.000175544662611373	0.000209030100334448
vmr_mconsumototal_avg3	5.663017647932e-05	0.000127218530517988	0.000418060200668896
cseguro_vida_avg3	5.53097041960684e-05	0.000611290418483443	0.000418060200668896
Visa_mconsumototal_rank_delta1	5.48369930362109e-05	0.000148790365265982	0.000627090301003345
ctarjeta_debito_avg3	5.39680491802483e-05	0.000424676384393998	0.000627090301003345
vmr_msaldototal_avg3	5.35812648196537e-05	0.000301790652324003	0.000627090301003345
Master_fechaalta_delta2	5.35812270780715e-05	0.000271769651153579	0.000418060200668896
mcomisiones_mantenimiento_rank_delta1	5.33342817493549e-05	0.000295898856303602	0.000209030100334448
cextraccion_autoservicio_lag2	5.32187601580262e-05	0.00028235310131038	0.000627090301003345
ccajas_consultas	5.29927312141411e-05	0.000940752754095579	0.000418060200668896
ccajas_consultas_delta1	5.2663585797817e-05	0.000529417562989154	0.000209030100334448
ccuenta_debitos_automaticos_avg3	5.21142171712744e-05	0.000180372458497268	0.000627090301003345
Visa_status	5.17000324220336e-05	9.9470747482701e-05	0.000209030100334448
ccallcenter_transacciones	5.1591466065131e-05	0.000497267165224083	0.000418060200668896
Master_fechaalta_tend3	5.15212537823475e-05	6.84325230865723e-05	0.000209030100334448
Master_mpagospesos_rank_delta2	5.12813876961127e-05	0.001042153223607	0.000418060200668896
mautoservicio_rank_lag2	5.11751677872894e-05	8.98256281531799e-05	0.000418060200668896
Master_cconsumos_tend3	5.11630592094024e-05	0.00105644671097821	0.000627090301003345
cplazo_fijo_avg3	5.05356981424974e-05	0.000216246158570289	0.000209030100334448
ctarjeta_visa_debitos_automaticos	5.03493582464089e-05	8.22638266723227e-05	0.000418060200668896
vm_mconsumospesos_rank_delta2	5.0239308106162e-05	0.000376996751070004	0.000627090301003345
vm_cconsumos_delta1	5.00759194053488e-05	0.000232053262930744	0.000209030100334448
ccajas_otras_lag1	4.97032897555594e-05	0.00244357754249992	0.00104515050167224
matm_rank_delta2	4.93605967287372e-05	0.00165210107499159	0.000836120401337793
Visa_mpagosdolares_rank_lag2	4.89628985809136e-05	0.000280190192900474	0.000418060200668896
vmr_msaldopesos_lag1	4.88912909379212e-05	5.78686214886727e-05	0.000209030100334448
Master_mconsumospesos_rank_lag1	4.86215917484874e-05	0.00021116842039558	0.000418060200668896
Visa_mconsumosdolares_rank_lag1	4.78963408791067e-05	0.000120872928665942	0.000418060200668896
cpagomiscuentas_tend3	4.77789030937353e-05	0.00158825268896746	0.000627090301003345
Master_mpagominimo_rank_delta2	4.76194837290341e-05	0.000196426014332448	0.000418060200668896
vm_status03_delta1	4.76046868721666e-05	0.000514296752678711	0.000209030100334448
ctarjeta_debito_transacciones_delta2	4.73574320624763e-05	0.000278320512874092	0.000418060200668896
Master_mfinanciacion_limite_rank_lag1	4.71324393946042e-05	0.000827093243664354	0.000627090301003345
ctarjeta_master_transacciones	4.70539746452993e-05	0.000186729929117219	0.000209030100334448
ctarjeta_debito_lag1	4.66263236995447e-05	0.000135958132672671	0.000418060200668896
Visa_mpagado_rank_delta2	4.66038631448375e-05	0.000415754561743839	0.000418060200668896
vm_msaldopesos_rank_lag2	4.56132188613817e-05	0.000656916754959944	0.000418060200668896
vm_fechaalta_lag1	4.52785227366531e-05	0.000961479113671076	0.000627090301003345
vm_msaldototal_rank_lag2	4.52198566821824e-05	0.0001303246568949	0.000418060200668896
cpayroll_trx_lag1	4.5201766602689e-05	0.000320296155975706	0.000418060200668896
vmr_mconsumototal_delta1	4.51674864627811e-05	0.000707229858433121	0.000418060200668896
vmr_msaldopesos_delta1	4.38172862135952e-05	0.000678439020147866	0.000627090301003345
cextraccion_autoservicio_lag1	4.33272058384634e-05	0.000157850424154089	0.000418060200668896
vmr_Master_mlimitecompra_delta1	4.30098541273979e-05	9.92431464040601e-05	0.000209030100334448
Master_mconsumototal_rank_delta2	4.28664102352584e-05	0.000226271078472757	0.000418060200668896
vmr_msaldototal_lag1	4.24868819634162e-05	0.000650725447090657	0.000627090301003345
Master_msaldopesos_rank_delta1	4.14053591851185e-05	0.00094688890710225	0.000627090301003345
mttarjeta_master_debitos_automaticos_rank_lag2	4.13302814732295e-05	0.000151690533611609	0.000418060200668896
catm_trx_avg3	4.00606222995326e-05	0.000575330146221001	0.000418060200668896
ccuenta_debitos_automaticos_lag1	4.0039640136515e-05	0.000159675421760123	0.000418060200668896
Visa_mconsumototal_rank_delta2	3.96623720462785e-05	0.000758900888587145	0.000627090301003345
cmobile_app_trx_tend3	3.90326634529633e-05	0.000439032706418822	0.000418060200668896
thomebanking_lag1	3.87557739529632e-05	7.34578990499377e-05	0.000209030100334448
vm_status06_delta2	3.83136625895878e-05	0.00145234761666895	0.000627090301003345
vmr_mpagado_tend3	3.80042463157536e-05	8.82666305807716e-05	0.000209030100334448
mautoservicio_rank_lag1	3.77927823875885e-05	0.000232806580611276	0.000418060200668896
vm_mconsumospesos_rank_delta1	3.7647625027619e-05	0.000744569002260949	0.000627090301003345
ctransferencias_recibidas_delta1	3.67679571706692e-05	4.25655906827536e-05	0.000209030100334448
Master_mpagado_rank_lag2	3.64235328835569e-05	0.000779620964697281	0.000418060200668896
cpagomiscuentas_lag1	3.58078835687607e-05	0.000161301442963052	0.000418060200668896
Visa_fechaalta_delta1	3.55145204073144e-05	4.10631442985965e-05	0.000209030100334448
ctarjeta_master_delta1	3.54030986301389e-05	0.000521098953013675	0.000209030100334448
vm_cconsumos_tend3	3.52544970812148e-05	0.000291669385952662	0.000418060200668896
vmr_mconsumospesos_delta1	3.52446691732211e-05	0.000405575347858612	0.000418060200668896
vmr_msaldopesos_avg3	3.51271019881395e-05	0.000227335078607262	0.000209030100334448
Master_fechaalta_delta1	3.45943504410553e-05	0.000105160076285905	0.000209030100334448
vm_mconsumototal_rank_delta1	3.45878729072262e-05	0.00043008854255849	0.000418060200668896
active_quarter_avg3	3.42486569584516e-05	0.000112198953816143	0.000209030100334448
Master_mpagospesos_rank_lag1	3.41882628786836e-05	0.000525766171451449	0.000418060200668896
active_quarter_lag2	3.4025196598815e-05	0.000357006953267409	0.000209030100334448
Master_mpagospesos_rank_delta1	3.34072984248878e-05	0.00103030400426132	0.000627090301003345
Visa_status_delta2	3.32528291382692e-05	0.00102090394008089	0.000418060200668896
vm_mconsumototal_rank_lag2	3.317965252379e-05	7.86243039025222e-05	0.000418060200668896
cforex_sell_avg3	3.27632571961656e-05	0.000354921540930292	0.000418060200668896
ctarjeta_debito_delta2	3.25832896966416e-05	0.00154571223214615	0.000627090301003345
vmr_mconsumosdolares_tend3	3.24464899404581e-05	0.000161725227793527	0.000209030100334448
vm_Finiciomora_lag2	3.23738503347765e-05	0.000936858401897239	0.000418060200668896
vm_mpagospesos_rank_lag2	3.21666911036391e-05	0.000460384619879173	0.000209030100334448
ctarjeta_visa_descuentos_avg3	3.20864444124909e-05	0.000750192005596451	0.000418060200668896
vm_mpagospesos_rank_delta1	3.18866054307957e-05	6.20603910474453e-05	0.000209030100334448
vmr_msaldodolares2_avg3	3.16806657919274e-05	0.000905975169646688	0.000418060200668896
Visa_msaldodolares_rank_lag1	3.07276261426022e-05	8.80809192712058e-05	0.000209030100334448
vmr_Master_mlimitecompra_lag1	3.06677981865665e-05	0.000126538519933337	0.000209030100334448
ccajas_transacciones_tend3	3.06240540753499e-05	0.00140806035647722	0.000627090301003345
ccajas_transacciones_delta2	3.04984624907362e-05	0.000698521673605244	0.000418060200668896
ccomisiones_otras_delta1	3.03936174538343e-05	7.75456423488407e-05	0.000209030100334448
ccajas_extracciones	3.03099961260758e-05	0.00043364428579014	0.000418060200668896
mtarjeta_master_consumo_rank_avg3	3.00433755714152e-05	0.000181199781436499	0.000209030100334448
Visa_msaldodolares_rank	2.96951286011958e-05	0.000130201082076128	0.000209030100334448
vmr_mconsumosdolares_delta2	2.9334008516468e-05	8.91854128491502e-05	0.000209030100334448
mpagomiscuentas_rank_delta2	2.91906390291619e-05	0.000586487486214129	0.000418060200668896
mv_status07_rank	2.91894884500715e-05	9.30832558615799e-05	0.000209030100334448
vmr_msaldototal_delta1	2.89875677505376e-05	0.00134110025877363	0.000627090301003345
vm_mpagado_rank_lag1	2.87803039213011e-05	0.00058597782735705	0.000418060200668896
Visa_mconsumototal_rank_lag1	2.87760455925028e-05	6.60971684606405e-05	0.000209030100334448
ctarjeta_visa_debitos_automaticos_delta1	2.87124585748843e-05	0.000247521758324509	0.000209030100334448
vm_Finiciomora_avg3	2.85610760105207e-05	0.000468545445057803	0.000209030100334448
Visa_mpagosdolares_rank_lag1	2.85248327691751e-05	0.000585479339105058	0.000418060200668896
vmr_mpagospesos_delta2	2.84777016205426e-05	0.000233002066200293	0.000209030100334448
vmr_msaldopesos_tend3	2.81508832423412e-05	0.000607391877308195	0.000418060200668896
mtarjeta_master_consumo_rank_delta2	2.79027765512251e-05	0.000478131220547801	0.000209030100334448
Master_status_avg3	2.76276425739607e-05	0.000452430450894646	0.000209030100334448
ctarjeta_master_descuentos_avg3	2.72842367704011e-05	0.00158825268896746	0.000627090301003345
cextraccion_autoservicio	2.71702318515097e-05	0.00019047976161225	0.000209030100334448
matm_other_rank_delta2	2.64006745213382e-05	0.000954116288593325	0.000418060200668896
Visa_status_delta1	2.61520006281588e-05	0.000223271072844168	0.000209030100334448
Master_cconsumos_lag2	2.61079141468754e-05	6.57473888888641e-05	0.000209030100334448
matm_rank_delta1	2.58421228286913e-05	4.55271973563568e-05	0.000209030100334448
cliente_edad_delta2	2.57835543631688e-05	0.000135173397665332	0.000209030100334448
mtarjeta_master_consumo_rank_lag1	2.55752790595305e-05	0.00104037919188668	0.000418060200668896
matm_other_rank_lag1	2.54665487963283e-05	0.000346537303649928	0.000209030100334448
vmr_mpagado_delta2	2.51487183063349e-05	0.000823703663183368	0.000418060200668896
Master_fultimo_cierre_avg3	2.49877633984053e-05	0.000115470544780901	0.000209030100334448
cseguro_vivienda_avg3	2.49232447028729e-05	0.000112208728095594	0.000209030100334448
ctarjeta_master_debitos_automaticos	2.48601256808732e-05	0.000308104138686425	0.000209030100334448
matm_rank_lag1	2.48340214459914e-05	0.000137586946526871	0.000209030100334448
mextraccion_autoservicio_rank	2.46672748226971e-05	0.000576524004639638	0.000418060200668896
Visa_mpagado_rank_delta1	2.46234169475685e-05	0.000120311605760336	0.000209030100334448
vm_Finiciomora_tend3	2.41371544030547e-05	0.00051599608097752	0.000209030100334448
mextraccion_autoservicio_rank_lag1	2.40657969328355e-05	0.000202007826061693	0.000209030100334448
ccomisiones_otras_tend3	2.3963894661011e-05	7.23659724027157e-05	0.000209030100334448
ccajas_otras_avg3	2.39085655015685e-05	0.000797266331757311	0.000418060200668896
ctarjeta_visa_debitos_automaticos_lag2	2.39025850782929e-05	0.000102107010283155	0.000209030100334448
Master_fultimo_cierre_delta1	2.33622269849077e-05	4.18031968855884e-05	0.000209030100334448
vmr_Visa_mlimitecompra_delta2	2.33416524309774e-05	0.000215457234586043	0.000209030100334448
ccajas_depositos	2.32467118635645e-05	0.00089400307364505	0.000418060200668896
ctarjeta_visa_debitos_automaticos_delta2	2.25209110454152e-05	7.58651644461149e-05	0.000209030100334448
active_quarter	2.23997174334537e-05	0.000108242465127008	0.000209030100334448
mpagomiscuentas_rank_delta1	2.22216849987634e-05	0.000352358585225719	0.000209030100334448
Visa_mconsumosdolares_rank_delta1	2.21470817524787e-05	0.000142529939277722	0.000209030100334448
vm_msaldototal_rank_lag1	2.20845946323973e-05	0.000213040194910415	0.000209030100334448
mttarjeta_master_debitos_automaticos_rank	2.19343874487352e-05	0.000351721860735779	0.000209030100334448
vmr_mpagado_lag1	2.18056778702699e-05	4.39339898058706e-05	0.000209030100334448
Master_fultimo_cierre_tend3	2.15633876961296e-05	0.000136423807272221	0.000209030100334448
vmr_mpagado_lag2	2.14997424486415e-05	0.000454079511470566	0.000209030100334448
ccaja_ahorro_lag1	2.14376305877199e-05	0.00029783695628614	0.000209030100334448
Visa_mpagado_rank_lag1	2.08942057212016e-05	0.000228119115451782	0.000209030100334448
Visa_mconsumospesos_rank_delta1	2.07360835885957e-05	5.68849100782278e-05	0.000209030100334448
mpagomiscuentas_rank_lag1	2.05217998250779e-05	0.000304333361306856	0.000209030100334448
ctransferencias_emitidas_lag1	2.02352571066929e-05	7.80357526470184e-05	0.000209030100334448
Visa_fultimo_cierre_lag1	2.01725456937804e-05	0.000110247588740065	0.000209030100334448
vmr_mconsumototal_tend3	2.01572711363159e-05	0.000774715672738598	0.000418060200668896
Master_status	2.01435083987996e-05	0.000255525496869108	0.000209030100334448
thomebanking_lag2	2.00625343734467e-05	0.000136188526402583	0.000209030100334448
Visa_fultimo_cierre_lag2	1.96736796174879e-05	0.000108922475711659	0.000209030100334448
vm_mpagado_rank_lag2	1.96712274929786e-05	0.000231110044963738	0.000209030100334448
vm_status01_delta2	1.94356553204624e-05	0.000508701675855925	0.000209030100334448
cextraccion_autoservicio_delta1	1.90899887961316e-05	0.00100820016944607	0.000418060200668896
vm_fultimo_cierre_lag1	1.90414304765281e-05	7.74674481132341e-05	0.000209030100334448
Master_msaldototal_rank_delta2	1.89366835677398e-05	7.06484918706403e-05	0.000209030100334448
cseguro_vida_lag2	1.8872410731657e-05	0.000450872849647874	0.000209030100334448
vmr_mconsumosdolares_lag2	1.8815548185648e-05	9.75165897553518e-05	0.000209030100334448
Master_mpagominimo_rank_delta1	1.84074473794509e-05	0.000183778794885884	0.000209030100334448
ccajas_depositos_lag1	1.82791367834255e-05	0.000456902881906222	0.000209030100334448
vmr_mconsumosdolares_delta1	1.74534879138519e-05	0.000452139316999575	0.000209030100334448
ccajas_depositos_tend3	1.6401123203598e-05	0.000460384619879173	0.000209030100334448
mttarjeta_visa_debitos_automaticos_rank_delta1	1.57707956483354e-05	5.08032137713543e-05	0.000209030100334448
ccajas_extracciones_lag2	1.56243087063431e-05	0.000519278144384547	0.000209030100334448
vm_Fvencimiento_delta1	1.49493112927701e-05	4.07049867730052e-05	0.000209030100334448
thomebanking_delta1	1.48952168222296e-05	0.000332015517037258	0.000209030100334448
matm_rank	1.47479761269251e-05	0.000293203947826443	0.000209030100334448
cpayroll_trx_lag2	1.47407092548634e-05	0.00041586487146907	0.000209030100334448
vm_status02_delta2	1.43487014592982e-05	4.38809294317089e-05	0.000209030100334448
ccajas_extracciones_lag1	1.41146712999958e-05	0.00038925439566417	0.000209030100334448
Master_msaldototal_rank_lag2	1.36575387869218e-05	0.000496843380393608	0.000209030100334448
Master_msaldopesos_rank_lag2	1.35997521113154e-05	0.000360087247620058	0.000209030100334448
cextraccion_autoservicio_tend3	1.35295689434668e-05	0.000222568721049344	0.000209030100334448
mtarjeta_visa_descuentos_rank	1.35043597232476e-05	0.000276747552045326	0.000209030100334448
ccajas_depositos_delta2	1.34280699674058e-05	0.000510099397817395	0.000209030100334448
Master_mconsumospesos_rank_delta2	1.34124244641053e-05	0.000302495796770099	0.000209030100334448
matm_rank_lag2	1.33429626996413e-05	0.000276489231802697	0.000209030100334448
cseguro_vivienda	1.32268943945368e-05	0.000316989656870052	0.000209030100334448
thomebanking_tend3	1.30137719934185e-05	0.00036846869224915	0.000209030100334448
mv_status07_rank_delta1	1.28856382436638e-05	0.00105883512597831	0.000418060200668896
cpagomiscuentas_delta2	1.26612127778549e-05	0.00105883512597831	0.000418060200668896
ctransferencias_emitidas_lag2	1.25251942724221e-05	0.000288632377694724	0.000209030100334448
ctransferencias_emitidas	1.23735604569545e-05	0.000397943031933145	0.000209030100334448
mv_status07_rank_lag2	1.22316359330795e-05	0.0010384941522783	0.000418060200668896
vm_cconsumos	1.22009994733461e-05	0.000415712671974764	0.000209030100334448
ccajas_depositos_delta1	1.20362995221356e-05	0.000445621268931503	0.000209030100334448
mttarjeta_master_debitos_automaticos_rank_lag1	1.19804031606298e-05	0.000488883626106538	0.000209030100334448
Master_Fvencimiento_delta2	1.15848282463852e-05	0.000224012521756796	0.000209030100334448
ccuenta_debitos_automaticos_tend3	1.14989499720137e-05	0.000441011299844799	0.000209030100334448
vm_mconsumosdolares_rank_delta1	1.12298470995781e-05	0.000400557651686243	0.000209030100334448
Master_mconsumospesos_rank_lag2	1.08807385429546e-05	0.000299208148060528	0.000209030100334448
catm_trx	1.07032851719677e-05	0.000475617136240482	0.000209030100334448
mforex_sell_rank	1.05244569290594e-05	0.000495120314558989	0.000209030100334448
vm_status02	1.00040317827078e-05	0.000501486163132755	0.000209030100334448
ccuenta_debitos_automaticos_lag2	9.43988894424704e-06	0.000447810707528491	0.000209030100334448
Master_mconsumototal_rank_lag2	9.32477819699839e-06	0.00033574859362466	0.000209030100334448
catm_trx_lag1	9.26119333604172e-06	0.000381788940652185	0.000209030100334448
vm_mpagado_rank_delta2	9.17354767729436e-06	0.000484957856581392	0.000209030100334448
ccajas_extracciones_delta1	8.91762470451345e-06	0.000457830042128415	0.000209030100334448
vm_mpagosdolares_rank_lag2	8.38867966557258e-06	0.000459503538402962	0.000209030100334448
tcuentas_avg3	7.31667423596401e-06	0.000529417562989154	0.000209030100334448
mcuenta_debitos_automaticos_rank_delta1	6.67758146782817e-06	0.000488883626106538	0.000209030100334448
ccuenta_debitos_automaticos_delta2	5.83560019815876e-06	0.000504000247440073	0.000209030100334448
minversion2_rank_lag2	5.73563245200252e-06	0.000529417562989154	0.000209030100334448
catm_trx_delta1	5.23512569521711e-06	0.000529417562989154	0.000209030100334448
