Feature	Gain	Cover	Frequency
azar_under	0.382523214136809	0.0325778736631871	0.00873327457735758
ctrx_quarter_normalizado_lag1	0.137189304195247	0.00346558910026448	0.00328499318964827
ctarjeta_visa_transacciones	0.0411961728419505	0.00449672682433756	0.00392596747055524
mcaja_ahorro_rank	0.0335071783270723	0.00668098822915587	0.00400608925566862
cpayroll_trx	0.0262013435291557	0.00949586791465441	0.00248377533851454
mcaja_ahorro_rank_avg3	0.0193000155351815	0.00401525425000266	0.00320487140453489
vm_status06_delta2	0.0172249947687048	0.00358614467341332	0.000640974280906979
ctrx_quarter_normalizado_avg3	0.0119664633284866	0.00513027273290339	0.00176267927249419
mtarjeta_visa_consumo_rank	0.00756842170351069	0.00573226909408662	0.00304462783430815
mcaja_ahorro_rank_lag1	0.00706621909822872	0.00215122338170803	0.00320487140453489
mcuentas_saldo_rank	0.00680985586970123	0.00665755624527784	0.00568864674304944
ctrx_quarter_normalizado	0.00630617987057857	0.00532057621802221	0.00280426247896803
mprestamos_personales_rank	0.00569390731632861	0.0105639884513399	0.00416633282589536
mpayroll_sobre_edad_rank	0.00537407561204014	0.0107754396910168	0.00336511497476164
mcuenta_corriente_rank	0.00513405434757212	0.00293493106215642	0.00400608925566862
Visa_mpagospesos_rank	0.00477592062535439	0.00166907233426898	0.00216328819806105
vm_mconsumospesos_rank	0.00436781768249553	0.00140416640183563	0.0014421921320407
cdescubierto_preacordado	0.00430507432673899	0.00159342751551335	0.000801217851133723
mcuenta_corriente_rank_lag1	0.00424040387332357	0.00229527889565325	0.00336511497476164
vm_msaldototal_rank	0.00399402580313599	0.00155575198076551	0.00136207034692733
ctrx_quarter	0.0035173618894064	0.00756106539629728	0.00368560211521513
mcuenta_corriente_rank_avg3	0.00334778746872274	0.00133272285514495	0.00392596747055524
ctrx_quarter_normalizado_delta1	0.00327915391993235	0.0016705235432995	0.00360548033010176
foto_mes	0.00311815138489755	0.00373517090711188	0.00600913388350292
mpayroll_rank	0.00310157319959712	0.00924603526514231	0.00296450604919478
cdescubierto_preacordado_delta2	0.0030346638270239	0.000391720118546153	0.000240365355340117
cdescubierto_preacordado_tend3	0.00296670478157438	0.00450362554762918	0.000881339636247096
mprestamos_personales_rank_delta1	0.00281835073417864	0.00507301902919544	0.0028843842640814
mcuentas_saldo_rank_delta2	0.00253008573979898	0.00484250477784267	0.00713083887509014
vm_Finiciomora	0.00243238825509448	0.00433909965615071	0.00160243570226745
mprestamos_personales_rank_delta2	0.00226269924388115	0.00690269548310663	0.00256389712362791
mcuenta_corriente_rank_delta2	0.00216470469165719	0.000924914484219638	0.00336511497476164
ctrx_quarter_delta1	0.00207613381551523	0.00216495067921427	0.00448681996634885
active_quarter_avg3	0.00203328736185042	0.000254975453719955	0.000480730710680234
mactivos_margen_rank	0.00197309234199267	0.00523355738407796	0.00705071708997676
ccomisiones_mantenimiento_delta2	0.00196812031871839	0.00226289413582258	0.00160243570226745
vmr_mpagospesos	0.00195522147367843	0.000747486642969052	0.00128194856181396
mprestamos_personales_rank_avg3	0.0019285246041892	0.00113835949219451	0.0014421921320407
cdescubierto_preacordado_avg3	0.00186593543019576	0.00116343340290617	0.00104158320647384
ctrx_quarter_delta2	0.00177441091479962	0.00238184395275563	0.00424645461100873
Visa_cconsumos_lag2	0.00175335858426123	0.000748099351313509	0.00208316641294768
ctrx_quarter_normalizado_delta2	0.00175116186612822	0.00140133632501025	0.00352535854498838
vm_mpagominimo_rank	0.00170369461790266	0.0040340794124643	0.00272414069385466
Visa_cconsumos_avg3	0.00163411082024265	0.00062385327906665	0.00200304462783431
mpasivos_margen_rank	0.00163021524455115	0.00133795882609571	0.00336511497476164
mrentabilidad_annual_rank_lag2	0.00160551685732684	0.00317082158261395	0.00600913388350292
vm_mpagospesos_rank	0.00153563864985832	0.000879979616081204	0.0014421921320407
vm_Finiciomora_delta1	0.00149963962061814	0.0028896586015849	0.000801217851133723
numero_de_cliente	0.00146877676275242	0.00354296682043797	0.00713083887509014
ctrx_quarter_lag1	0.0014547147303262	0.000744292667806709	0.00128194856181396
vm_msaldopesos_rank	0.00144730944272662	0.0035142758479433	0.00224340998317443
vm_Finiciomora_avg3	0.00140951313264996	0.00176260735981931	0.000881339636247096
mprestamos_personales_rank_tend3	0.00139552551004484	0.00479159956560359	0.00168255748738082
mcomisiones_rank_lag2	0.00137325334519641	0.00148327373518901	0.00392596747055524
ccaja_ahorro_delta2	0.00136333015124257	0.00317767317449446	0.000640974280906979
mrentabilidad_annual_rank_delta1	0.00135589977095587	0.00294023060570821	0.00616937745372967
mcomisiones_mantenimiento_rank	0.00134631177612158	0.00814339042177751	0.00408621104078199
cproductos	0.00134180459733389	0.00285812330323358	0.00200304462783431
cprestamos_personales_delta2	0.00130836320232993	0.000799424361935285	0.000480730710680234
mcaja_ahorro_rank_delta2	0.00130494463335234	0.00147979587548067	0.00408621104078199
mcuentas_saldo_rank_delta1	0.00123819234025586	0.00428728689022789	0.00544828138770932
mrentabilidad_annual_rank_avg3	0.00123107062887648	0.00323340990441219	0.00528803781748257
ctarjeta_visa_transacciones_delta2	0.00122600190339215	0.0011308546370344	0.00160243570226745
Visa_Finiciomora	0.00119415411474633	0.00195761960173204	0.000560852495793606
cprestamos_personales_tend3	0.00115271609440384	0.00255640116224569	0.000640974280906979
mpasivos_margen_rank_lag1	0.00112802438386827	0.00112074001699388	0.00352535854498838
cproductos_delta2	0.0011096843366961	0.00255009212963264	0.00128194856181396
mactivos_margen_rank_avg3	0.00110443867738536	0.00417707611377849	0.00496755067702908
cprestamos_personales	0.00108749094392606	0.000431629462964841	0.000640974280906979
mtransferencias_recibidas_rank	0.00104460198740457	0.00215801797746348	0.00368560211521513
mrentabilidad_annual_rank_lag1	0.000992520918623104	0.00359578030678743	0.00456694175146222
vmr_mpagominimo_delta2	0.000990958578877673	0.00161924676016817	0.00160243570226745
mcomisiones_otras_rank_lag2	0.000986687902856501	0.00150641854628305	0.00368560211521513
mrentabilidad_rank_delta1	0.000965930567146686	0.00208097456148508	0.00536815960259595
mrentabilidad_annual_rank_tend3	0.000963184975508478	0.00222829968006628	0.00456694175146222
mpasivos_margen_rank_avg3	0.000960709074388023	0.00177336428234616	0.00272414069385466
vm_status05_tend3	0.000947295310326313	0.0020790312128362	0.000400608925566862
mautoservicio_rank	0.000929128844434836	0.00275977210511518	0.00120182677670058
mactivos_margen_rank_lag2	0.000921211053817729	0.004073347550476	0.00440669818123548
ccomisiones_mantenimiento_delta1	0.000919019605470301	0.00226079404782977	0.00112170499158721
mrentabilidad_annual_rank	0.000898984694313371	0.00199286732076794	0.00400608925566862
cliente_edad	0.00089418638329256	0.00415911137358947	0.00432657639612211
cliente_edad_lag2	0.000883240662366037	0.00252490313059153	0.00480730710680234
mcomisiones_rank_avg3	0.000880296526560694	0.00215408414875461	0.0028843842640814
mcuentas_saldo_rank_tend3	0.000871575540926415	0.00277313331212581	0.00408621104078199
ccaja_ahorro	0.000855049118802498	0.00792185196404329	0.00160243570226745
mactivos_margen_rank_tend3	0.000843451893141254	0.00177854654540984	0.00440669818123548
mrentabilidad_rank_avg3	0.000838814459422436	0.00277883402071172	0.00320487140453489
mpayroll_rank_delta2	0.000835441455717106	0.00552002648513477	0.00264401890874129
mcuenta_corriente_rank_lag2	0.000817835038493196	0.00309166382961147	0.00320487140453489
chomebanking_transacciones	0.000808615039155026	0.00141377682538519	0.00352535854498838
chomebanking_transacciones_lag2	0.000807400322239541	0.0017524971240961	0.00344523675987501
ctransferencias_recibidas_avg3	0.000802870854325652	0.00412292321848998	0.00384584568544187
ccaja_seguridad_avg3	0.000789001551849341	0.00194707860683284	0.000640974280906979
Visa_fechaalta	0.000787205899130903	0.000875947140232797	0.00304462783430815
mrentabilidad_rank_lag2	0.000782076485799082	0.00284392359553689	0.00432657639612211
mpagomiscuentas_rank	0.000777651009005105	0.00483461519883837	0.00168255748738082
mcuenta_debitos_automaticos_rank	0.000775773618433852	0.00586033609887155	0.00216328819806105
mpasivos_margen_rank_lag2	0.000772210312805985	0.00127975482161022	0.00408621104078199
cliente_antiguedad	0.000764801502157762	0.00322988600937207	0.00432657639612211
Visa_mpagominimo_rank	0.000756336061900528	0.0033183275542843	0.00280426247896803
mcuentas_saldo_rank_lag2	0.000755423055178855	0.00131587501979136	0.0028843842640814
chomebanking_transacciones_avg3	0.000748348740968164	0.000784123094513767	0.00280426247896803
mpasivos_margen_rank_delta2	0.000744612070652041	0.00141403659618597	0.00352535854498838
mrentabilidad_rank	0.000740518687349793	0.00180480641395459	0.00360548033010176
mprestamos_personales_rank_lag1	0.000738539982194988	0.00123401543124489	0.00120182677670058
mttarjeta_visa_debitos_automaticos_rank_lag2	0.000727828086706427	0.00197495957670398	0.00328499318964827
mcomisiones_mantenimiento_rank_delta2	0.000725799161467542	0.00283710269387757	0.00296450604919478
cdescubierto_preacordado_delta1	0.000725655936947003	0.00220191924279543	0.000560852495793606
Master_mlimitecompra_rank_delta2	0.00072473064761064	0.00106526634611491	0.00384584568544187
cmobile_app_trx_avg3	0.000711390933301126	0.00348244680033202	0.00272414069385466
mrentabilidad_rank_tend3	0.000707783476511133	0.00143616095742547	0.0037657239003285
mcaja_ahorro_rank_delta1	0.000701326803151343	0.00205997258547765	0.00432657639612211
Visa_delinquency	0.000686251072214841	0.000709049333088121	0.000240365355340117
mttarjeta_visa_debitos_automaticos_rank_delta2	0.000682293386588107	0.00159567667029479	0.00304462783430815
Master_Fvencimiento_lag1	0.0006780371167675	0.000807032248552245	0.00320487140453489
Visa_mpagospesos_rank_delta2	0.000677748478068323	0.00241499925635402	0.00328499318964827
Master_mlimitecompra_rank_delta1	0.000672860323210988	0.00111650367039043	0.00392596747055524
Visa_Fvencimiento	0.000671678290771294	0.00134757801827989	0.00328499318964827
Master_mfinanciacion_limite_rank_delta1	0.000668677077931245	0.0011876589482178	0.00384584568544187
Master_fechaalta_lag1	0.000666291644467511	0.00102040162705348	0.0023235317682878
Visa_mfinanciacion_limite_rank	0.000664603309329856	0.00105491278078083	0.00320487140453489
Visa_mfinanciacion_limite_rank_delta1	0.000658248666747959	0.00231539633564283	0.0037657239003285
Visa_Fvencimiento_delta2	0.000652854141393144	9.50103483260749e-05	0.000400608925566862
Visa_mlimitecompra_rank_delta2	0.00064600701353993	0.00109721157813497	0.00344523675987501
mtransferencias_recibidas_rank_lag1	0.000644900376005239	0.0020222345742081	0.00368560211521513
mrentabilidad_annual_rank_delta2	0.000635104527301232	0.000925740928033093	0.00336511497476164
mcomisiones_otras_rank	0.000632224384716557	0.00247109221205342	0.00360548033010176
mrentabilidad_rank_lag1	0.000628899155912106	0.00090687192239832	0.00344523675987501
mrentabilidad_rank_delta2	0.00062680721811191	0.00231016474900939	0.00336511497476164
mcomisiones_otras_rank_delta2	0.00062003331908028	0.00190495737432987	0.00280426247896803
mcomisiones_rank_delta1	0.000614300826098098	0.00085393348300545	0.00328499318964827
vm_Fvencimiento	0.000607427970675269	0.00133889378176265	0.00280426247896803
mactivos_margen_rank_delta2	0.000605265091689994	0.00286976695393693	0.00328499318964827
Master_mfinanciacion_limite_rank_delta2	0.000601158409267692	0.00091652509304168	0.00384584568544187
vm_status04	0.00060037557355843	0.000162112324797803	0.000240365355340117
ccomisiones_mantenimiento_tend3	0.000587375500568783	0.0014750454676723	0.000640974280906979
Visa_mlimitecompra_rank_delta1	0.000581186525191716	0.00148028034254373	0.00336511497476164
mtarjeta_master_consumo_rank	0.000577855801790945	0.0012735016890429	0.000640974280906979
vm_mfinanciacion_limite_rank_delta2	0.000575172992672122	0.00172840201222452	0.00296450604919478
azar_sampling	0.000573243692661612	0.00140855071914839	0.00336511497476164
cproductos_tend3	0.000572894690257483	0.00291310154625621	0.00104158320647384
mplazo_fijo_dolares_rank	0.00057163141468939	0.00691453204377174	0.000961461421360468
mcaja_ahorro_rank_tend3	0.000570107487563797	0.00297258248315904	0.00272414069385466
ctarjeta_visa_transacciones_avg3	0.000569818052982294	8.1599817745683e-05	0.000560852495793606
Visa_fultimo_cierre_avg3	0.000569276540283323	0.00212245349150173	0.00272414069385466
Visa_mconsumospesos_rank	0.000569256321670378	0.000539718229834866	0.0023235317682878
cliente_edad_avg3	0.000568801586995533	0.00233860800757589	0.00280426247896803
mcomisiones_rank	0.000565607840701298	0.00151813453822206	0.00264401890874129
mactivos_margen_rank_lag1	0.000564519929344334	0.0014700451537771	0.00280426247896803
Visa_msaldopesos_rank	0.000563226323438974	0.00187874573327556	0.00192292284272094
mcuentas_saldo_rank_avg3	0.000561753327379354	0.00569039228727383	0.00256389712362791
Master_Fvencimiento_lag2	0.000559416018787923	0.0013981500224032	0.00336511497476164
Visa_Fvencimiento_avg3	0.000558634230524936	0.00145774166331818	0.0023235317682878
Master_mfinanciacion_limite_rank_lag2	0.000556399941833544	0.000718766076332517	0.00280426247896803
mcuenta_corriente_rank_delta1	0.000554291955764995	0.00197748165523815	0.00328499318964827
cmobile_app_trx_lag1	0.000548319572198691	0.0012912132349071	0.00184280105760756
mcomisiones_rank_lag1	0.000547525784356451	0.00089019836365791	0.00296450604919478
mcomisiones_mantenimiento_rank_lag2	0.000545370480839591	0.00147001336747658	0.00248377533851454
Visa_mfinanciacion_limite_rank_lag2	0.000544729189875907	0.000685721476746276	0.00296450604919478
ccomisiones_otras_avg3	0.000544480371819637	0.00202596014784462	0.00344523675987501
mpasivos_margen_rank_tend3	0.000543615676717574	0.00141587033690203	0.00264401890874129
cliente_edad_lag1	0.000541464506337148	0.00512091440759931	0.00296450604919478
Master_Fvencimiento	0.000538501034450172	0.0013168954696459	0.00248377533851454
mcomisiones_otras_rank_delta1	0.000533685447321055	0.000893854884296748	0.00296450604919478
Visa_fultimo_cierre	0.000533392272424896	0.00121294221008113	0.00224340998317443
Visa_mfinanciacion_limite_rank_delta2	0.000528557853890122	0.00131057986055688	0.00344523675987501
vm_fultimo_cierre_delta1	0.000526215551475551	0.000416126516946936	0.000721096066020351
Master_status	0.000525490918564091	0.00200393333766533	0.000480730710680234
ctrx_quarter_normalizado_tend3	0.000519919032027846	0.000825366367474861	0.00112170499158721
mactivos_margen_rank_delta1	0.000519007245533987	0.00124496416765417	0.00312474961942152
mcaja_ahorro_rank_lag2	0.000518176783779352	0.000602907203104959	0.0023235317682878
mcomisiones_otras_rank_lag1	0.000517836773557606	0.00111134223283399	0.00280426247896803
mpasivos_margen_rank_delta1	0.000514281521436155	0.000731112313885237	0.00256389712362791
cprestamos_personales_avg3	0.000511975235971425	0.00405698527826479	0.0014421921320407
ccaja_seguridad	0.000506391855234843	0.00561282384929723	0.000721096066020351
vm_mlimitecompra_rank_delta2	0.000506066479823493	0.000777214506508192	0.0028843842640814
mtransferencias_recibidas_rank_lag2	0.000504534991561806	0.00298924288894751	0.00272414069385466
Visa_mpagominimo_rank_lag2	0.000502825687088765	0.000601176493845749	0.00184280105760756
ctrx_quarter_tend3	0.000501690243243724	0.00100496115755728	0.00120182677670058
vm_fechaalta_lag2	0.000501618973526541	0.00104666149559823	0.0023235317682878
Master_mlimitecompra_rank_lag1	0.000501465673003046	0.000718493152579797	0.00248377533851454
mcaja_ahorro_dolares_rank_delta2	0.000498440074623624	0.00143977692312916	0.00224340998317443
ccallcenter_transacciones_avg3	0.00048642995990356	0.00233272973413881	0.00240365355340117
ctrx_quarter_avg3	0.000486428579967784	0.000979030112810984	0.00216328819806105
Master_fechaalta	0.000485098223572038	0.00161438564834765	0.00272414069385466
ctrx_quarter_lag2	0.000484349739083609	0.000960509660402575	0.00248377533851454
Visa_mpagominimo_rank_lag1	0.000479787557709565	0.000998689391641381	0.00216328819806105
cliente_antiguedad_lag2	0.000475577965152969	0.000958038001517509	0.00256389712362791
mpayroll_sobre_edad_rank_lag2	0.00047551280965042	0.00129175469809523	0.00104158320647384
cprestamos_personales_lag2	0.00047422162635588	0.000498174631137849	0.000320487140453489
Visa_fechaalta_lag2	0.000469392438791532	0.000935726210712894	0.0023235317682878
Master_Fvencimiento_avg3	0.00046775394986576	0.000782488840235438	0.0023235317682878
mprestamos_personales_rank_lag2	0.000465692317180531	0.00124378149805906	0.00168255748738082
Visa_mlimitecompra_rank	0.000462918687859935	0.00054362575263986	0.00216328819806105
Visa_fechaalta_avg3	0.000462260978812964	0.000609324747571506	0.00168255748738082
Visa_fechaalta_lag1	0.000462147465229237	0.000546171944919243	0.00192292284272094
vm_mfinanciacion_limite_rank_delta1	0.000456398425909077	0.000739698999342269	0.00272414069385466
mcomisiones_rank_delta2	0.000453860997069133	0.000842949672057669	0.00224340998317443
ctarjeta_visa_transacciones_tend3	0.000452870301544999	0.000699344646716336	0.000721096066020351
chomebanking_transacciones_lag1	0.000451795082798967	0.000924370828872857	0.00240365355340117
mcuentas_saldo_rank_lag1	0.000447306100424605	0.000659472568994807	0.00224340998317443
ccaja_seguridad_lag2	0.00044186838875331	0.000119365230998433	0.000160243570226745
mcomisiones_mantenimiento_rank_lag1	0.000441561666640011	0.00114032805066794	0.00272414069385466
cmobile_app_trx_lag2	0.00044119753989044	0.000498979153364739	0.00200304462783431
vm_cconsumos_lag1	0.00044094276544459	0.00101768554247822	0.0014421921320407
ccallcenter_transacciones_delta2	0.000438799748416288	0.000533733636702955	0.000480730710680234
vm_Fvencimiento_lag1	0.000438089176779075	0.00176193107887382	0.00224340998317443
Visa_mfinanciacion_limite_rank_lag1	0.000434066946284827	0.000758925326838032	0.00256389712362791
ctarjeta_debito_transacciones	0.000431667643092845	0.00134117472284461	0.00200304462783431
cmobile_app_trx	0.000430740129827909	0.00168971260409811	0.00200304462783431
vm_mpagospesos_rank_delta2	0.000425665167936123	0.00150538165523859	0.00216328819806105
vm_status02_avg3	0.00042221603213989	0.000859790930935292	0.000160243570226745
mcomisiones_rank_tend3	0.000421467727447877	0.000848587904121873	0.00248377533851454
chomebanking_transacciones_delta2	0.000421008668245633	0.000726218319684873	0.00200304462783431
vm_Fvencimiento_lag2	0.000412325146949804	0.000739085194918483	0.0023235317682878
mttarjeta_visa_debitos_automaticos_rank_lag1	0.000408229433035657	0.00111806339127444	0.00224340998317443
Master_mfinanciacion_limite_rank	0.000405361462963537	0.000661033385958148	0.00184280105760756
mcuenta_corriente_rank_tend3	0.000402180736209019	0.00102674463812571	0.00168255748738082
vmr_mconsumospesos_lag2	0.000399863510279981	0.000555981854906534	0.0014421921320407
chomebanking_transacciones_delta1	0.000397592084807079	0.00215870741136091	0.00240365355340117
vm_Fvencimiento_avg3	0.00039715562873975	0.00109677972287967	0.00208316641294768
Master_fechaalta_avg3	0.000395267622508234	0.000702547390513305	0.00224340998317443
cdescubierto_preacordado_lag2	0.000393978508842756	5.62738087885491e-05	0.000160243570226745
Master_fultimo_cierre	0.000393487821123694	0.000634072026643356	0.00176267927249419
Visa_cconsumos_lag1	0.000392968497348238	0.00100783617363512	0.0014421921320407
Visa_mlimitecompra_rank_lag2	0.000391231638130512	0.000725714123193906	0.00224340998317443
Visa_msaldototal_rank_delta1	0.000391141745002721	0.000781014613539024	0.00192292284272094
vm_fultimo_cierre_tend3	0.000391048998006719	0.000227652388226861	0.000640974280906979
mtarjeta_visa_consumo_rank_avg3	0.000388892722588876	0.00312943033894355	0.00128194856181396
ccaja_ahorro_avg3	0.000388076643517751	0.0015390006003928	0.00112170499158721
ctarjeta_debito_transacciones_avg3	0.000386566227375412	0.000445063011211125	0.00192292284272094
cliente_antiguedad_avg3	0.000385734931788296	0.00283877311877373	0.00200304462783431
mautoservicio_rank_avg3	0.000384923603475329	0.00111511274572295	0.00200304462783431
ctarjeta_visa_debitos_automaticos_avg3	0.00038443986541292	0.000732472548331519	0.0023235317682878
Master_Finiciomora	0.000381415689532763	0.00203890046039322	0.000640974280906979
mcaja_ahorro_dolares_rank_delta1	0.000381103403025887	0.00299999323499839	0.00208316641294768
ccaja_ahorro_delta1	0.000379147063474267	0.00445894716205355	0.000560852495793606
Visa_mpagospesos_rank_lag2	0.000377880271667691	0.000866404673601584	0.00184280105760756
vm_Finiciomora_lag1	0.000372284318280567	0.00118164695310268	0.000480730710680234
ccomisiones_mantenimiento_avg3	0.000369618143742159	0.00614520053979189	0.00160243570226745
mtransferencias_recibidas_rank_delta2	0.000369393592201956	0.000508346247303442	0.00208316641294768
vmr_mpagominimo_delta1	0.000364501537622832	0.000868323908505243	0.00112170499158721
thomebanking_avg3	0.000364190717606647	0.00057391700095369	0.00120182677670058
ccomisiones_otras_lag1	0.000364127749675212	0.000876629997654259	0.00192292284272094
cplazo_fijo	0.000361967955767141	0.00586609928397916	0.000721096066020351
mpayroll_rank_lag2	0.000359716623556315	0.00122542545754988	0.000961461421360468
vm_msaldopesos_rank_delta2	0.000356302446499205	0.000457807125559978	0.00176267927249419
Master_fultimo_cierre_avg3	0.000354515372792439	0.000544793077124381	0.00176267927249419
vm_mlimitecompra_rank_delta1	0.000350397089389129	0.00076767752027362	0.00208316641294768
cliente_antiguedad_lag1	0.000350380640735646	0.0010806870861832	0.00216328819806105
mpayroll_rank_delta1	0.000350035396474784	0.00596896742500903	0.00160243570226745
mcaja_ahorro_dolares_rank	0.000349380889163301	0.00181797142276546	0.00176267927249419
vm_fechaalta	0.000348554219023817	0.000503260439220645	0.00200304462783431
vm_cconsumos_lag2	0.000344564500577416	0.00202138072841144	0.00192292284272094
vmr_msaldopesos2_avg3	0.000344019558744083	0.00107029186983465	0.00152231391715407
Visa_cconsumos	0.000342908495759863	0.000909495936310005	0.00160243570226745
mcuenta_debitos_automaticos_rank_lag1	0.000342018941630505	0.00113956189121754	0.000801217851133723
Master_mlimitecompra_rank	0.000340541183643245	0.000401227510638864	0.00200304462783431
Visa_mpagominimo_rank_delta1	0.000340079614183717	0.000833689993893128	0.00176267927249419
Visa_mpagospesos_rank_delta1	0.000340075144632921	0.000617681256369618	0.00216328819806105
mv_status07_rank	0.000338757981710531	0.0012940553686051	0.000560852495793606
ctransferencias_recibidas_delta2	0.000338730697141026	0.00140147991140224	0.00200304462783431
ccallcenter_transacciones_delta1	0.000338219961414488	0.00335055995908836	0.000961461421360468
vmr_msaldopesos2_lag2	0.00033736056337983	0.000626258077112697	0.00184280105760756
mcaja_ahorro_dolares_rank_avg3	0.000336126341923974	0.00101838374501028	0.00136207034692733
ctransferencias_recibidas_lag2	0.000332040190954867	0.000882047917773497	0.00208316641294768
mtarjeta_visa_consumo_rank_delta1	0.00032804129173326	0.000609735777319577	0.00120182677670058
Master_mlimitecompra_rank_lag2	0.000327993803621052	0.000974064873454288	0.00176267927249419
Visa_mlimitecompra_rank_lag1	0.000327518718413906	0.00043357281161372	0.00168255748738082
Visa_Fvencimiento_lag2	0.000326314154510722	0.00123621964677388	0.00192292284272094
cprestamos_personales_delta1	0.000324454926634955	0.000420883501231276	0.000160243570226745
ctransferencias_recibidas_lag1	0.000321009903075892	0.000851396059360693	0.00152231391715407
Master_fechaalta_lag2	0.000320485978049967	0.00096989977200717	0.00176267927249419
vm_mpagominimo_rank_lag2	0.000320257135423559	0.000449559128615356	0.00112170499158721
vmr_msaldototal_avg3	0.000319174870717547	0.000309769555415449	0.000881339636247096
ccheques_depositados_avg3	0.000317231478333983	0.00456617331449229	0.000721096066020351
mv_status07_rank_delta2	0.000317137792085348	0.00189609776512012	0.000721096066020351
mtransferencias_emitidas_rank	0.000316645201476262	0.00464604351905809	0.00168255748738082
Visa_mconsumospesos_rank_lag2	0.000311569819070934	0.000429876832119067	0.00168255748738082
vmr_msaldopesos2_delta2	0.000310208941186665	0.000698084155488919	0.00160243570226745
Visa_Fvencimiento_lag1	0.000309781468370251	0.000445665854841629	0.00176267927249419
vmr_mpagominimo_lag1	0.00030896934519099	0.000613555613778315	0.00152231391715407
vm_mfinanciacion_limite_rank_lag2	0.000298884115988572	0.00036411207242773	0.0014421921320407
Visa_mpagominimo_rank_delta2	0.000296569198126514	0.00115532570411555	0.0014421921320407
tcallcenter_avg3	0.000295640694532759	0.000629475069940932	0.00136207034692733
mcaja_ahorro_dolares_rank_lag1	0.000294731275226706	0.00140444261382634	0.00128194856181396
vmr_mpagado_avg3	0.000288526645932011	0.000611847922184997	0.00136207034692733
vm_cconsumos_avg3	0.000288285546778213	0.00191315714378405	0.0014421921320407
mprestamos_prendarios_rank	0.000283899810357208	0.0048256185797126	0.000640974280906979
Master_msaldopesos_rank	0.000281380532909397	0.000498203129200382	0.00112170499158721
mcaja_ahorro_dolares_rank_tend3	0.000280427492452768	0.00164330570142191	0.00176267927249419
ccallcenter_transacciones_tend3	0.000279605463404047	0.000586358597407963	0.000400608925566862
vm_cconsumos_delta2	0.000277707021950568	0.000963134770393587	0.00112170499158721
vm_cconsumos_delta1	0.000276274841606444	0.00260432175047411	0.0014421921320407
Visa_msaldopesos_rank_delta2	0.000275100270601304	0.000519744376237279	0.00152231391715407
vm_mpagominimo_rank_lag1	0.000274644252354402	0.00151256426307621	0.0014421921320407
cmobile_app_trx_delta2	0.000274301191816779	0.000803807583168713	0.00160243570226745
ctarjeta_visa_debitos_automaticos_lag2	0.000272255823667049	0.00178192356581999	0.00136207034692733
Visa_mconsumospesos_rank_lag1	0.000271576034741476	0.000483112309009876	0.00160243570226745
Master_msaldototal_rank_lag2	0.000269550318569985	0.000785298091553586	0.00112170499158721
cproductos_avg3	0.00026829259020531	0.000683171996228908	0.00168255748738082
vmr_mconsumospesos	0.000267864335655498	0.00179932601731364	0.00120182677670058
mttarjeta_visa_debitos_automaticos_rank	0.000267784354719905	0.000681309757450315	0.00112170499158721
vmr_msaldopesos2	0.000267755481811425	0.000577368554758157	0.00136207034692733
mtransferencias_emitidas_rank_delta2	0.00026677980723778	0.00331304554800176	0.00160243570226745
Master_msaldototal_rank_lag1	0.000266626486307516	0.00188920671438379	0.00104158320647384
vmr_msaldopesos2_delta1	0.000265791404711779	0.00167906967382139	0.00160243570226745
vmr_mpagospesos_delta1	0.000264797198715829	0.00212350682373612	0.00128194856181396
ccomisiones_mantenimiento_lag2	0.00026238575155629	0.000242399039508315	0.000560852495793606
vmr_mpagospesos_lag1	0.000261860816649801	0.000842686613018903	0.00112170499158721
mttarjeta_visa_debitos_automaticos_rank_delta1	0.000260690979473534	0.000712162198380178	0.00160243570226745
ccheques_emitidos_rechazados_avg3	0.000256776303291387	0.00504636018777523	0.000640974280906979
vm_fultimo_cierre_avg3	0.000256411204995854	0.00108837498659111	0.00112170499158721
mautoservicio_rank_lag1	0.000255953423522091	0.000506821600957931	0.00160243570226745
mtransferencias_recibidas_rank_delta1	0.000255691696701017	0.000910680798063777	0.00192292284272094
mcuenta_debitos_automaticos_rank_lag2	0.000255424061010438	0.000789845724686242	0.0014421921320407
vmr_msaldototal_delta2	0.000254655507754535	0.000987156444950176	0.000801217851133723
ctrx_quarter_normalizado_lag2	0.000252678822415777	0.000959999983514967	0.00104158320647384
vmr_Visa_mlimitecompra	0.000251979505059358	0.000480433491131782	0.0014421921320407
mcuenta_debitos_automaticos_rank_delta2	0.000251294358763528	0.0028482750304698	0.00136207034692733
vmr_mpagospesos_avg3	0.000251278699573521	0.00153562686822063	0.00128194856181396
ccomisiones_otras_lag2	0.000249046050153124	0.000804111197142621	0.00152231391715407
mpayroll_sobre_edad_rank_delta2	0.000248678356226186	0.00144678415827428	0.0014421921320407
Master_mpagominimo_rank	0.000247588760631532	0.00115868957157376	0.00112170499158721
ctransferencias_emitidas_avg3	0.000247507173631759	0.00124885524926924	0.00120182677670058
ctarjeta_visa_transacciones_delta1	0.000244205682329206	0.00148954440502558	0.00128194856181396
vmr_mpagospesos_delta2	0.000244159053681739	0.000711505646862593	0.00120182677670058
vm_fultimo_cierre_lag2	0.000240327130972807	0.000517151052546784	0.0014421921320407
vmr_Master_mlimitecompra_avg3	0.000239918858910158	0.000614197916264634	0.0014421921320407
Master_msaldopesos_rank_lag1	0.000239447506768146	0.00125813027254438	0.000961461421360468
Visa_msaldototal_rank	0.000239280413713892	0.00193883280204688	0.00136207034692733
Visa_mconsumosdolares_rank	0.000237207922080301	0.00067074574488523	0.00136207034692733
vm_mfinanciacion_limite_rank_lag1	0.000236959132939743	0.000851642677209535	0.00112170499158721
vm_mpagominimo_rank_delta2	0.000236181937373338	0.000881639080184082	0.0014421921320407
vm_fultimo_cierre_lag1	0.000235418461172791	0.000347208337028399	0.00120182677670058
vm_fechaalta_avg3	0.000234704909487217	0.000265969129381691	0.000961461421360468
Visa_fultimo_cierre_lag1	0.000233221857370806	0.00018330282644968	0.00112170499158721
vmr_msaldopesos2_tend3	0.000229694091926782	0.000983782712778011	0.00136207034692733
vmr_Master_mlimitecompra	0.000228717486510227	0.000443792655269754	0.00112170499158721
vmr_msaldototal_lag2	0.000227492025499151	0.000397340813341106	0.00136207034692733
ccajas_consultas_avg3	0.000225030765821536	0.00222159277065709	0.00128194856181396
vmr_mpagominimo	0.000224302352976941	0.000886745713774115	0.0014421921320407
vmr_mpagospesos_tend3	0.000223261058931363	0.000544838016376837	0.00112170499158721
Master_mpagospesos_rank_lag2	0.000223249646424231	0.0015632601241636	0.00128194856181396
mcaja_ahorro_dolares_rank_lag2	0.000222854801522222	0.000388407766816366	0.00152231391715407
vmr_msaldopesos	0.000219746105372151	0.000747134801504703	0.000801217851133723
mcomisiones_mantenimiento_rank_delta1	0.000218630386381592	0.000562161550158863	0.00112170499158721
vm_mfinanciacion_limite_rank	0.00021795036000667	0.000336733106888898	0.00104158320647384
vm_fultimo_cierre	0.000217763882166482	0.000320397140581569	0.00112170499158721
Visa_mconsumototal_rank_delta2	0.000215369127473703	0.000598271883626048	0.00128194856181396
Visa_mpagospesos_rank_lag1	0.000213999067333613	0.00122508786511679	0.00152231391715407
Visa_msaldototal_rank_lag2	0.000212644877663198	0.00171544087416869	0.00104158320647384
vm_status01_avg3	0.000212003275519218	5.82412711826482e-05	0.000160243570226745
ccaja_ahorro_tend3	0.000211818775590637	0.00103820853181923	0.000160243570226745
vm_mconsumospesos_rank_lag2	0.000210093243176398	0.00021973102292204	0.000961461421360468
ctarjeta_debito_transacciones_lag1	0.000209324966706745	0.00071967801433357	0.00128194856181396
vm_cconsumos	0.000208454856403	0.000629868562419751	0.00112170499158721
Visa_mconsumospesos_rank_delta2	0.000208219141448187	0.000735143693654316	0.00120182677670058
Visa_msaldopesos_rank_delta1	0.000207830266034329	0.000987667217917113	0.00136207034692733
mtransferencias_emitidas_rank_lag1	0.000206729155217662	0.0023543016713969	0.00128194856181396
Master_mfinanciacion_limite_rank_lag1	0.000206236419233665	0.000344428679852112	0.0014421921320407
Visa_cconsumos_delta1	0.000205965027068034	0.00320500610470151	0.00152231391715407
vm_msaldopesos_rank_lag2	0.000205390049471104	0.000223584837839952	0.000721096066020351
ctransferencias_recibidas_tend3	0.000204672837792296	0.000888369007259163	0.00112170499158721
Master_msaldototal_rank_delta2	0.000204508176705966	0.0013019252181815	0.00104158320647384
vmr_mpagospesos_lag2	0.00020360293894692	0.000355570326223153	0.00120182677670058
mautoservicio_rank_lag2	0.000203584096996502	0.000238095832065845	0.00120182677670058
ctarjeta_debito_transacciones_delta1	0.000203530150657448	0.00175107660528676	0.00128194856181396
vmr_msaldototal_tend3	0.00020343858676168	0.000481525186142658	0.000961461421360468
vm_fechaalta_lag1	0.000202901209078211	0.000449960293649473	0.000961461421360468
mautoservicio_rank_delta1	0.000202893913600074	0.00148564455477589	0.00104158320647384
vmr_mpagominimo_tend3	0.000200622277863537	0.000633522890899933	0.000801217851133723
ctransferencias_recibidas	0.000200296137215575	0.00123540197159505	0.000961461421360468
vmr_mpagominimo_avg3	0.000198308595012007	0.000284697836862455	0.00120182677670058
ctarjeta_debito_avg3	0.000197466089070305	0.000668963519897595	0.0014421921320407
ctarjeta_visa_debitos_automaticos	0.000196681867603681	0.000510473737279457	0.00128194856181396
vmr_Visa_mlimitecompra_avg3	0.000194907074019581	0.000404275707250557	0.000961461421360468
cpagomiscuentas_avg3	0.00019490011147031	0.000278674880954057	0.00112170499158721
mtarjeta_visa_consumo_rank_lag2	0.000194868831644578	0.000630767347468866	0.00104158320647384
cproductos_delta1	0.000193122975311053	0.00184882715193331	0.00112170499158721
vmr_Master_mlimitecompra_lag2	0.000192887767634939	0.000295572039877418	0.00104158320647384
ccaja_ahorro_lag1	0.000192079288494469	0.000737108963889759	0.000400608925566862
mtransferencias_emitidas_rank_lag2	0.00019145170740224	0.00171100175288952	0.00120182677670058
ctarjeta_debito_transacciones_lag2	0.000191400539243902	0.00145336282640207	0.00128194856181396
cpayroll_trx_avg3	0.000191357276175841	0.00174864659741617	0.000801217851133723
Master_mpagominimo_rank_delta2	0.00019086807504842	0.00105810237162586	0.000801217851133723
Master_fultimo_cierre_lag2	0.000190678380506871	0.000391361700605835	0.00104158320647384
vmr_msaldopesos2_lag1	0.000190293375404804	0.000319804161665019	0.00136207034692733
ctarjeta_visa_debitos_automaticos_tend3	0.000190006150664733	0.000563091025429168	0.000560852495793606
ctarjeta_visa_debitos_automaticos_delta2	0.000189110561499451	0.00125405943391948	0.00112170499158721
vmr_msaldopesos_lag1	0.000188953667947812	0.000436682388667792	0.000961461421360468
vm_mconsumospesos_rank_delta2	0.000187537436747167	0.000371449227450626	0.00136207034692733
Master_fultimo_cierre_lag1	0.000187292481478562	0.000269451373407347	0.00136207034692733
ctarjeta_visa_transacciones_lag2	0.000185934688328242	0.000348280302611368	0.000881339636247096
catm_trx_avg3	0.000185728996285598	0.0026536760104638	0.00120182677670058
Visa_cconsumos_delta2	0.000184860984499166	0.00077565478562418	0.00112170499158721
chomebanking_transacciones_tend3	0.000184585897548081	0.000983484579200743	0.00120182677670058
vm_msaldototal_rank_lag1	0.000182852914243862	0.000289674037012433	0.00120182677670058
catm_trx_other_avg3	0.000182427275316752	0.000783728505955619	0.000961461421360468
mpagomiscuentas_rank_lag2	0.000182013637748727	0.000671711390773365	0.0014421921320407
Visa_mconsumosdolares_rank_lag1	0.000180914820506858	0.000215896937432035	0.000881339636247096
ccajas_transacciones_avg3	0.000180749335693444	0.000695981875337453	0.00112170499158721
Visa_msaldopesos_rank_lag2	0.000177813450714047	0.000103877630091124	0.000640974280906979
tcallcenter	0.000177613515891315	0.000167484209585257	0.000240365355340117
Visa_msaldototal_rank_delta2	0.000177167425042761	0.00044495669151629	0.000721096066020351
mtarjeta_visa_consumo_rank_tend3	0.000176933320800215	0.000198794811674302	0.000721096066020351
ccomisiones_otras	0.00017654178766718	0.00108288582131554	0.00104158320647384
Master_msaldopesos_rank_delta1	0.000175451246820243	0.000861339691026023	0.000801217851133723
cmobile_app_trx_tend3	0.0001746945196624	0.000747831907957431	0.0014421921320407
vm_status04_delta1	0.000174462562874063	0.000644024426943312	0.000320487140453489
Visa_mconsumototal_rank	0.000173938351601809	0.000540934877889156	0.000801217851133723
vm_mpagospesos_rank_lag1	0.000173111957790856	0.00101560627999265	0.000961461421360468
cpagomiscuentas_delta2	0.000172199595205804	0.00235717339923675	0.00104158320647384
vm_msaldototal_rank_lag2	0.000171921072117977	0.000406836148561207	0.000961461421360468
Master_msaldototal_rank	0.000170604997502812	0.0005108409238544	0.000640974280906979
Visa_Finiciomora_avg3	0.000169561701469688	0.00202129084990653	0.000400608925566862
Visa_mconsumospesos_rank_delta1	0.000169243935696214	0.000206946353638044	0.00112170499158721
ctransferencias_emitidas	0.0001691883218295	0.00196149533823651	0.000881339636247096
Master_cconsumos_avg3	0.00016808266086601	0.0014613039211348	0.00120182677670058
mpayroll_sobre_edad_rank_delta1	0.000167548300947646	0.00107341788807865	0.000801217851133723
vm_mconsumospesos_rank_delta1	0.000166604309406411	0.000963912986716601	0.000961461421360468
ctarjeta_debito_transacciones_delta2	0.00016589518789354	0.000671618224030469	0.00104158320647384
vm_mlimitecompra_rank_lag1	0.000163236331144774	0.000555381203434687	0.000881339636247096
mtarjeta_visa_consumo_rank_delta2	0.000161854004900509	0.000329161390889768	0.000961461421360468
thomebanking	0.000161766506991875	0.000826735370555769	0.000801217851133723
Visa_Fvencimiento_tend3	0.000161655288759715	8.76534638752706e-05	0.000320487140453489
vm_mpagospesos_rank_delta1	0.000161221671484884	0.00027187042048466	0.000961461421360468
vmr_msaldototal_delta1	0.000160669682455858	0.000345544488608209	0.000640974280906979
vmr_mconsumospesos_lag1	0.000160236238510539	0.000774329625716399	0.000961461421360468
cforex_avg3	0.000159364068133924	0.000670912348943115	0.000721096066020351
vmr_msaldopesos_avg3	0.000156155219270276	0.000420083363321698	0.000881339636247096
mextraccion_autoservicio_rank_delta2	0.000154739761434498	0.00113262918946674	0.000881339636247096
mtransferencias_emitidas_rank_delta1	0.000154324647249791	0.00153385231578829	0.000640974280906979
vmr_mconsumosdolares_lag1	0.000153759350512496	0.00102752175836939	0.000961461421360468
ctransferencias_recibidas_delta1	0.000153551251408435	0.000577742317809069	0.000801217851133723
mpayroll_rank_lag1	0.000153133824296273	0.000546565437398063	0.000801217851133723
ccomisiones_otras_delta2	0.000152969117763121	0.000331604551712302	0.000961461421360468
mpagomiscuentas_rank_delta2	0.000151846738890889	0.00180251560815867	0.00112170499158721
Master_fultimo_cierre_delta2	0.000151205304196287	0.000163037415750794	0.000881339636247096
Visa_mconsumosdolares_rank_lag2	0.000150285892126232	0.000718687158620887	0.000801217851133723
cpayroll_trx_lag1	0.000149608956739347	0.000668496590103787	0.000480730710680234
Visa_mconsumosdolares_rank_delta2	0.000148508898311811	0.000594956243658277	0.000721096066020351
vm_status01_tend3	0.000148184157782956	0.000117539162837671	0.000240365355340117
cpagomiscuentas_lag1	0.000147695192814249	0.000738927359495224	0.000721096066020351
vm_mpagominimo_rank_delta1	0.000145996416907648	0.00059475456506189	0.00112170499158721
Master_mpagominimo_rank_lag2	0.000145374150285798	0.000468738324700006	0.000721096066020351
cextraccion_autoservicio_avg3	0.000145349488780552	0.00016997559789823	0.000881339636247096
vm_Finiciomora_tend3	0.000145119938062448	0.000525242310147475	0.000160243570226745
Visa_msaldototal_rank_lag1	0.000144613601039092	0.000352016837041164	0.000881339636247096
mextraccion_autoservicio_rank_lag2	0.000144352299441004	0.00109804350234507	0.000881339636247096
vmr_mconsumospesos_avg3	0.000143817292420304	0.000219805556316356	0.000961461421360468
vm_msaldototal_rank_delta1	0.000143309062722161	0.000756969921316542	0.000961461421360468
Visa_fechaalta_tend3	0.000142536563844552	0.000138972994100406	0.000400608925566862
vmr_Visa_mlimitecompra_lag1	0.000142140644969603	0.001078171584125	0.000961461421360468
vm_mlimitecompra_rank_lag2	0.000141666100181467	0.000254898728166982	0.00112170499158721
ctarjeta_master_transacciones	0.000139874024832236	0.000115329466912042	0.000320487140453489
Master_fechaalta_tend3	0.000139069732840677	7.3611591601842e-05	0.000240365355340117
ccheques_emitidos	0.000138877792704366	0.00388659536238051	0.000480730710680234
mpagomiscuentas_rank_lag1	0.000138876295348281	0.000328003931119201	0.000640974280906979
matm_rank_delta2	0.000138065585688762	0.000520574108288718	0.000961461421360468
Visa_mconsumototal_rank_lag1	0.000137981753821497	0.000456576228474421	0.000801217851133723
vmr_mconsumospesos_delta1	0.000137896205711972	0.00148549658406658	0.000801217851133723
cproductos_lag1	0.000136436611240574	0.000651465709502387	0.000881339636247096
Visa_msaldopesos_rank_lag1	0.000134887409915175	0.000371585141287322	0.000721096066020351
ccajas_extracciones_avg3	0.000134770552871984	0.00107828119205782	0.000640974280906979
cmobile_app_trx_delta1	0.000134215462969208	0.000664580298664167	0.000721096066020351
ctransferencias_emitidas_delta1	0.000133142752489586	0.000686338569408046	0.000721096066020351
mextraccion_autoservicio_rank_delta1	0.000133086436956889	0.00133520109050598	0.000881339636247096
vmr_Visa_mlimitecompra_lag2	0.000130982408057108	0.00030275464771504	0.000881339636247096
ctransferencias_emitidas_lag2	0.000130952471480171	0.000563529457160443	0.000640974280906979
Visa_mconsumototal_rank_delta1	0.00013060637484425	0.000306045077858263	0.000881339636247096
ccajas_consultas_delta1	0.000130538563242681	0.000820032845463894	0.000320487140453489
vm_fultimo_cierre_delta2	0.000130378198734124	0.000247094643350277	0.000400608925566862
vm_mconsumosdolares_rank	0.000129816179880269	0.000446519700638288	0.000560852495793606
mautoservicio_rank_tend3	0.000128220031355957	0.000410526647659219	0.000721096066020351
Visa_mconsumosdolares_rank_delta1	0.000127407305752295	0.00122120664821568	0.000801217851133723
cseguro_vida_avg3	0.000127190831684498	0.00205053534246194	0.000801217851133723
ccajas_depositos_avg3	0.000126552161100828	0.00190064320609412	0.000560852495793606
cinversion1	0.00012595605696507	0.00260213397613505	0.000320487140453489
vmr_Master_mlimitecompra_lag1	0.000125633396774799	0.000205386632754031	0.000801217851133723
mextraccion_autoservicio_rank_lag1	0.000124951464159694	0.000428707315475889	0.000721096066020351
mautoservicio_rank_delta2	0.000122741434062068	0.000488005207130911	0.000961461421360468
matm_other_rank_delta2	0.000122264859107061	0.000604530496590007	0.000881339636247096
vm_mconsumosdolares_rank_lag2	0.000121959274384584	0.000206457502257671	0.000560852495793606
Visa_mpagosdolares_rank_lag1	0.000121958172676726	0.00146914746480732	0.000721096066020351
Master_delinquency	0.000119942236441688	0.0004157790597999	0.000160243570226745
Visa_fultimo_cierre_delta1	0.000117611726035808	0.000170579537608062	0.000560852495793606
vm_cconsumos_tend3	0.000117498560977119	0.000819687580475515	0.000560852495793606
vm_msaldototal_rank_delta2	0.000116665972997713	0.00015985659354039	0.000721096066020351
vm_mconsumospesos_rank_lag1	0.000116295930966655	0.000304654153190792	0.000640974280906979
mcuenta_debitos_automaticos_rank_delta1	0.000115065115358813	0.000253206381684258	0.000801217851133723
vm_mlimitecompra_rank	0.000114192430925091	0.000402072587800897	0.000640974280906979
matm_rank_lag2	0.000114029296769606	0.000155552290018592	0.000560852495793606
ctarjeta_master_transacciones_avg3	0.000113671056962478	0.000942095527689	0.000400608925566862
Visa_mconsumototal_rank_lag2	0.000113413082016853	0.000176708813211295	0.000560852495793606
vm_mconsumototal_rank_delta2	0.000113237351045749	0.000498586756965248	0.000721096066020351
matm_rank	0.000113027065990731	0.000286305785236908	0.000721096066020351
cpagomiscuentas	0.000112154760948728	0.000575249833416768	0.000560852495793606
Visa_fultimo_cierre_lag2	0.000111558311691725	8.85423842104319e-05	0.000560852495793606
vm_status05_delta2	0.000111449086858789	0.00173253203913314	0.000400608925566862
mv_status07_rank_delta1	0.000110994716615262	0.00343361427410255	0.000640974280906979
ctarjeta_visa_debitos_automaticos_lag1	0.000110485951660649	0.000192440839808791	0.000640974280906979
cextraccion_autoservicio_lag2	0.000110386125944511	0.000257301334054372	0.000721096066020351
Master_mpagospesos_rank_delta1	0.00010955723450802	0.00139448802136772	0.000881339636247096
vmr_mconsumosdolares	0.000109172402625623	0.000471425911212725	0.000480730710680234
mtarjeta_visa_consumo_rank_lag1	0.000108711421256214	0.000333103988233264	0.000721096066020351
Master_mpagominimo_rank_delta1	0.000108537611518624	0.000761674293793129	0.000560852495793606
vmr_msaldopesos_delta2	0.000108340017962394	0.000741238990798375	0.000640974280906979
Visa_mpagado_rank_lag1	0.000108209128148763	0.000396264463440824	0.000560852495793606
Master_mpagado_rank	0.000107816820854513	0.00101504179913863	0.000560852495793606
vmr_msaldopesos_lag2	0.000107635046307326	0.00042670368246396	0.000640974280906979
ctarjeta_debito_delta1	0.000107486600125409	0.0024140730693217	0.000400608925566862
vm_status05_delta1	0.000106878662241279	0.00121425421703697	0.000160243570226745
Visa_cconsumos_tend3	0.000106229122528336	0.00028571171024103	0.000560852495793606
Visa_delinquency_avg3	0.000105653072341377	0.00091386819675015	0.000560852495793606
cforex_buy_avg3	0.000105497872449723	0.00136889456905451	0.000560852495793606
Master_mpagospesos_rank_lag1	0.000104779770150501	0.0012976833911814	0.000801217851133723
vm_mconsumototal_rank	0.000103307100449867	0.000922012066158594	0.000480730710680234
vmr_mconsumototal_lag1	0.000103036143900951	0.000155570923367171	0.000640974280906979
cproductos_lag2	0.000102988647125013	0.000358563718868437	0.000560852495793606
mprestamos_hipotecarios_rank	0.000102029478075165	0.00405623556000431	0.000400608925566862
cliente_edad_delta2	0.00010072982088424	0.000619112735972233	0.000560852495793606
Master_status_tend3	9.99651653317914e-05	2.60066742199393e-05	8.01217851133723e-05
vmr_msaldodolares2_avg3	9.8709149612075e-05	0.000625417384267976	0.000480730710680234
matm_other_rank_delta1	9.77652548684521e-05	0.000299671376564845	0.000480730710680234
vm_status03_delta2	9.72555958059657e-05	0.000169094350118366	0.000160243570226745
ccallcenter_transacciones_lag1	9.71836822923047e-05	0.000638690904932344	0.000400608925566862
Master_cconsumos_lag2	9.64028785365506e-05	0.000213072341003292	0.000640974280906979
Master_delinquency_tend3	9.5757756419486e-05	0.000604983177352549	8.01217851133723e-05
ccomisiones_otras_delta1	9.38167960724963e-05	0.000814704803849567	0.000721096066020351
mpagomiscuentas_rank_delta1	9.37705340015907e-05	0.00237499236087512	0.000881339636247096
ccuenta_debitos_automaticos_tend3	9.36872477501997e-05	0.00047268201812283	0.000240365355340117
mprestamos_prendarios_rank_avg3	9.34734070236862e-05	0.00204531252446312	0.000240365355340117
vm_mconsumosdolares_rank_delta1	9.29895872531085e-05	0.00193095089559787	0.000560852495793606
vm_mconsumototal_rank_delta1	9.29524851677079e-05	0.00148808771559842	0.000721096066020351
mpayroll_sobre_edad_rank_lag1	9.27719807699556e-05	0.000483214244387398	0.000721096066020351
ccuenta_debitos_automaticos_delta2	9.16256520402851e-05	0.00169540564012872	0.000400608925566862
vmr_msaldopesos_delta1	9.15257496549463e-05	0.00148489593259473	0.000640974280906979
ccuenta_debitos_automaticos_avg3	9.09645710862502e-05	9.98999582091258e-05	0.000400608925566862
vmr_mpagado_lag2	9.0741018634707e-05	0.000285266702033785	0.000560852495793606
vmr_mconsumospesos_delta2	9.05744427131157e-05	0.000387128642240369	0.000480730710680234
vmr_mpagominimo_lag2	8.90541715188827e-05	0.000276685496973394	0.000640974280906979
vmr_mconsumototal	8.86503237776373e-05	0.000126991750963972	0.000480730710680234
ctarjeta_debito_lag1	8.79062037081861e-05	0.00028039791765797	0.000400608925566862
Visa_msaldodolares_rank	8.72943325183015e-05	0.0019087070617116	0.000400608925566862
vm_msaldopesos_rank_lag1	8.70281906551573e-05	0.000619273859633477	0.000640974280906979
vmr_mconsumosdolares_lag2	8.6786207279199e-05	0.000183769756243488	0.000480730710680234
vmr_msaldodolares2_lag2	8.63545568220073e-05	0.00040489718422964	0.000560852495793606
ccomisiones_mantenimiento	8.62340065362083e-05	0.000830455463795643	0.000400608925566862
ctransferencias_emitidas_delta2	8.57961978785093e-05	0.000313531299669794	0.000400608925566862
ccaja_ahorro_lag2	8.51923354347269e-05	0.000345860159454727	0.000240365355340117
minversion1_pesos_rank	8.50215362264492e-05	0.00313927532346934	0.000480730710680234
matm_other_rank_lag1	8.45232079491958e-05	0.00043969770289964	0.000560852495793606
mttarjeta_master_debitos_automaticos_rank_lag2	8.30749895725516e-05	0.000267402801142962	0.000400608925566862
vm_mpagado_rank_delta2	8.29030221475309e-05	0.00141149698038256	0.00104158320647384
cdescubierto_preacordado_lag1	8.23471418270328e-05	4.06437175685746e-05	0.000160243570226745
Visa_mpagosdolares_rank_lag2	8.15936685544314e-05	0.000472471570891818	0.000320487140453489
ccajas_consultas_tend3	8.13681591709626e-05	0.00146286144986015	0.000240365355340117
Master_mpagospesos_rank_delta2	8.06408300135025e-05	0.000391556802726253	0.000480730710680234
mextraccion_autoservicio_rank	8.00725272229277e-05	0.000288124180842374	0.000961461421360468
Visa_delinquency_delta2	7.97863167021505e-05	2.82306191768347e-05	8.01217851133723e-05
vm_status05_avg3	7.97197503555233e-05	5.08284866861064e-05	0.000240365355340117
Master_fultimo_cierre_delta1	7.93376687490141e-05	0.000224394840463484	0.000560852495793606
ccuenta_debitos_automaticos	7.88900436377104e-05	6.96196706885778e-05	0.000480730710680234
matm_other_rank_lag2	7.85716678607879e-05	0.000635914535994042	0.000560852495793606
ccheques_emitidos_avg3	7.82884298642456e-05	0.00144820906140092	0.000320487140453489
ctarjeta_debito	7.79255424536353e-05	9.09789685569959e-05	0.000320487140453489
ccheques_emitidos_lag2	7.77638244815429e-05	0.00359257317867315	0.000400608925566862
catm_trx_lag1	7.72491030549689e-05	0.000123306732262601	0.000480730710680234
ctarjeta_debito_tend3	7.72311470841711e-05	0.0020090881987458	0.000320487140453489
vmr_mpagado	7.65158818749082e-05	0.000255132193063886	0.000240365355340117
catm_trx_other_delta2	7.63060559563656e-05	0.000931820880066557	0.000721096066020351
Master_cconsumos_lag1	7.5854602547554e-05	0.00063062595323553	0.000480730710680234
Master_cconsumos_delta1	7.58158531864759e-05	8.93414260406816e-05	0.000400608925566862
ctarjeta_debito_lag2	7.5024111877207e-05	0.000278073133402881	0.000480730710680234
Master_mpagominimo_rank_lag1	7.48767303866437e-05	0.00079092426674518	0.000640974280906979
vm_Fvencimiento_tend3	7.41035208360685e-05	3.06781643166806e-05	0.000240365355340117
ctransferencias_emitidas_lag1	7.40829326292658e-05	0.000674532698964123	0.000480730710680234
Master_mpagospesos_rank	7.3622317401973e-05	0.000505607145062298	0.000640974280906979
cseguro_accidentes_personales_lag2	7.34089277523324e-05	0.000209141800532406	0.000240365355340117
Master_cconsumos_tend3	7.32586563381633e-05	0.000697862747464625	0.000480730710680234
cseguro_accidentes_personales_avg3	7.32106071567884e-05	0.000231095173396703	0.000400608925566862
vm_msaldopesos_rank_delta1	7.28891052975466e-05	0.000305148484967805	0.000480730710680234
Master_msaldopesos_rank_delta2	7.21727387648692e-05	0.000211737316381558	0.000480730710680234
matm_rank_delta1	7.17448038531299e-05	0.000244185648813263	0.000480730710680234
vm_fechaalta_tend3	7.16529385529389e-05	6.16763837971924e-05	8.01217851133723e-05
catm_trx	7.1201689558716e-05	0.00013487913780962	0.000480730710680234
Master_mconsumospesos_rank_delta2	7.11934149967596e-05	0.000723346591845018	0.000400608925566862
Visa_status_avg3	7.05274452278313e-05	0.000187318861108164	0.000160243570226745
vmr_mconsumosdolares_delta1	7.03877148402207e-05	0.000227714864748568	0.000320487140453489
active_quarter	7.03451052178274e-05	5.31017552127702e-05	0.000320487140453489
Master_mconsumototal_rank_lag1	6.99026233137802e-05	8.58997369501683e-05	0.000400608925566862
Master_mconsumototal_rank_delta1	6.97834991469393e-05	0.00029359800100735	0.000400608925566862
catm_trx_other_lag2	6.93679660276591e-05	0.000746412485227426	0.000560852495793606
Visa_mpagado_rank_delta2	6.91131490183198e-05	0.000320864070375378	0.000560852495793606
vmr_msaldototal_lag1	6.70135485612429e-05	0.00129248687908646	0.000400608925566862
ctarjeta_visa_transacciones_lag1	6.70076740669184e-05	0.000158151094105728	0.000480730710680234
vmr_mconsumototal_avg3	6.66547689941526e-05	4.46685208616844e-05	0.000320487140453489
vmr_mconsumospesos_tend3	6.66202368784915e-05	0.000153262580302005	0.000400608925566862
Master_mpagado_rank_lag2	6.64740513395899e-05	0.000524975962870725	0.000240365355340117
vm_mpagosdolares_rank_delta2	6.62022553974792e-05	0.00149475845438978	0.000480730710680234
ctarjeta_master_transacciones_tend3	6.57839125387145e-05	0.00124738211865216	0.000320487140453489
Master_Fvencimiento_tend3	6.56369185681239e-05	3.72951952209573e-05	0.000240365355340117
mplazo_fijo_dolares_rank_delta2	6.56119707616285e-05	0.00102031284462789	0.000400608925566862
ctransferencias_emitidas_tend3	6.52217080526305e-05	0.000242370541445782	0.000240365355340117
vmr_mconsumototal_delta2	6.48758047373309e-05	3.50065815836988e-05	0.000320487140453489
catm_trx_lag2	6.45568977680649e-05	0.00113310488789518	0.000400608925566862
vmr_msaldototal	6.44997373638402e-05	0.000313122462080379	0.000480730710680234
Master_fultimo_cierre_tend3	6.4355737116848e-05	4.399333599552e-05	0.000240365355340117
ctarjeta_visa_avg3	6.36213454682984e-05	0.000407180317470258	8.01217851133723e-05
vmr_mpagado_delta2	6.28181360722188e-05	0.000162743666490839	0.000240365355340117
thomebanking_delta2	6.16322168720057e-05	0.000360421573329717	0.000320487140453489
mttarjeta_master_debitos_automaticos_rank_delta1	6.14506283959171e-05	0.000238478363751383	0.000320487140453489
mforex_buy_rank	6.07987255580607e-05	0.000602873224645786	0.000240365355340117
vmr_mconsumototal_delta1	6.05904379663938e-05	0.000159164967484303	0.000400608925566862
thomebanking_delta1	6.03950721008002e-05	0.000465943322413124	0.000320487140453489
vmr_mpagosdolares_avg3	6.01662564129614e-05	0.000511224551619266	0.000480730710680234
cinversion2_avg3	6.00139554343321e-05	0.0017802947919383	0.000240365355340117
mprestamos_prendarios_rank_lag2	5.97928941826133e-05	0.000335090083975942	8.01217851133723e-05
ctarjeta_debito_transacciones_tend3	5.96997960790171e-05	0.000307969793158563	0.000400608925566862
Visa_mpagado_rank_lag2	5.94125595859313e-05	8.6704259177059e-05	0.000320487140453489
vm_mpagado_rank_lag2	5.89352254887853e-05	0.000217020418743428	0.000320487140453489
tcuentas_lag2	5.88404351157846e-05	0.000366086111297798	0.000240365355340117
vm_Fvencimiento_delta1	5.87976321727701e-05	0.000122184347030535	0.000240365355340117
vm_fechaalta_delta1	5.87651841852161e-05	5.41002834807504e-05	0.000400608925566862
vm_mpagospesos_rank_lag2	5.77099694964244e-05	0.000364001368415582	0.000400608925566862
ccajas_otras_lag1	5.74093141906337e-05	0.000201627080658343	0.000160243570226745
Visa_fultimo_cierre_delta2	5.67684753497485e-05	6.22485372065071e-05	0.000400608925566862
mplazo_fijo_dolares_rank_delta1	5.67405065628578e-05	0.000703658814952088	0.000240365355340117
vmr_mconsumosdolares_avg3	5.67350891918111e-05	0.00021287943104153	0.000320487140453489
ccajas_extracciones_lag2	5.63051918011625e-05	0.000280594115857716	0.000320487140453489
ccomisiones_otras_tend3	5.62838730401256e-05	6.33961322631209e-05	0.000320487140453489
ccuenta_debitos_automaticos_lag2	5.62143256170916e-05	0.00047975721018629	0.000320487140453489
cpagomiscuentas_delta1	5.61253234392384e-05	0.00023788757699349	0.000320487140453489
Visa_msaldodolares_rank_delta1	5.54408164195533e-05	0.000121890597770581	0.000240365355340117
mtarjeta_master_consumo_rank_delta2	5.50532797509981e-05	0.00117232589449576	0.000240365355340117
Visa_fultimo_cierre_tend3	5.49661299361889e-05	9.05405368257203e-05	0.000240365355340117
cextraccion_autoservicio_lag1	5.49647512086671e-05	7.52951694499402e-05	0.000240365355340117
Visa_mpagado_rank	5.46540824507648e-05	0.00090792525463271	0.000480730710680234
vm_mconsumosdolares_rank_lag1	5.41191632962097e-05	0.000729008937654442	0.000240365355340117
mv_status07_rank_lag1	5.39543688900484e-05	0.000154150404557838	0.000320487140453489
cinversion2	5.36849959363383e-05	0.0010634928897619	0.000160243570226745
tcallcenter_delta1	5.16728876692845e-05	0.000246262719140181	0.000320487140453489
Master_mconsumospesos_rank	5.10483390402935e-05	8.75011088486524e-05	0.000240365355340117
matm_other_rank	5.06267988122305e-05	0.000127536502390082	0.000480730710680234
ccajas_transacciones_delta2	5.01836246885495e-05	0.000441288114004842	0.000320487140453489
cplazo_fijo_lag2	4.97061438434773e-05	0.000123148896839342	0.000240365355340117
Master_mconsumospesos_rank_delta1	4.97044505305808e-05	0.000803841561627887	0.000240365355340117
cplazo_fijo_avg3	4.9337154531075e-05	0.00037151389613099	0.000160243570226745
ctarjeta_master_debitos_automaticos_delta2	4.85617745171607e-05	0.00164542990315994	0.000320487140453489
Visa_msaldodolares_rank_lag1	4.85455927024283e-05	9.62675513155076e-05	0.000240365355340117
cseguro_vida_lag2	4.84736343735325e-05	4.57130844614485e-05	0.000160243570226745
vm_mconsumototal_rank_lag2	4.84326574316591e-05	0.000118446716521411	0.000240365355340117
vm_status03_tend3	4.8176830102391e-05	0.000283402271096536	0.000240365355340117
mplazo_fijo_dolares_rank_lag2	4.8059430443365e-05	0.000248176473647199	0.000320487140453489
Master_mpagado_rank_delta2	4.80480082702019e-05	0.000645359451565046	0.000240365355340117
catm_trx_delta2	4.79199171981994e-05	0.000370572363988075	0.000400608925566862
cextraccion_autoservicio_delta1	4.76554124160905e-05	0.00034386091076011	0.000320487140453489
Master_cconsumos	4.74176367362245e-05	0.00133405678368735	0.000400608925566862
mcaja_ahorro_adicional_rank	4.73184267902021e-05	0.00291101789945332	0.000320487140453489
cforex_buy_tend3	4.7225290406926e-05	0.00140709074148324	0.000320487140453489
vm_Fvencimiento_delta2	4.67268621741241e-05	0.00010041182725539	0.000240365355340117
mforex_sell_rank	4.6352113280223e-05	0.000502756242729678	0.000320487140453489
vm_status06_delta1	4.56866996925253e-05	2.20224258619725e-05	8.01217851133723e-05
vmr_mconsumototal_tend3	4.54642017170983e-05	3.2745369929645e-05	0.000160243570226745
ccuenta_debitos_automaticos_lag1	4.49589723330297e-05	0.000191217615278532	0.000400608925566862
Master_mconsumototal_rank_delta2	4.430783333131e-05	0.00010007313874298	0.000400608925566862
ctarjeta_visa_debitos_automaticos_delta1	4.41269032437464e-05	0.000108138090439794	0.000320487140453489
vmr_mconsumosdolares_delta2	4.39409542892351e-05	0.000287306505663545	0.000320487140453489
Master_Fvencimiento_delta2	4.33635587566028e-05	1.52497516930929e-05	0.000160243570226745
ctarjeta_visa_descuentos_delta1	4.31884287270431e-05	0.000862517976303826	0.000240365355340117
cseguro_vida	4.2987293558999e-05	0.000186857411710996	0.000160243570226745
Master_status_avg3	4.25477387049042e-05	1.01781926415626e-05	8.01217851133723e-05
ccajas_otras_delta1	4.20489846829189e-05	0.00109531426481788	0.000240365355340117
cseguro_vivienda_delta2	4.17815633887538e-05	0.00128735393959255	0.000160243570226745
catm_trx_other_delta1	4.15469461875143e-05	0.000357444621874356	0.000400608925566862
cpagomiscuentas_lag2	4.15242017967367e-05	0.000107436599669753	0.000240365355340117
ctarjeta_visa	4.13240789257641e-05	0.00260940536639825	0.000320487140453489
mtarjeta_master_consumo_rank_avg3	4.10800555778861e-05	6.61703090427671e-05	0.000160243570226745
cliente_edad_tend3	4.08871400511674e-05	7.99206242148976e-05	0.000240365355340117
vm_mconsumototal_rank_lag1	4.07951506303503e-05	5.6952281892698e-05	0.000320487140453489
ccajas_otras_avg3	4.06525437197678e-05	0.000142667877515731	0.000240365355340117
cprestamos_personales_lag1	4.00578552181958e-05	0.000407844541543141	0.000240365355340117
vmr_msaldopesos_tend3	3.99385096113705e-05	0.000625285854748593	0.000240365355340117
vm_status02_delta1	3.95813954574961e-05	0.00060678622784742	8.01217851133723e-05
ccajas_transacciones_tend3	3.94288180358704e-05	0.000277828707712695	0.000160243570226745
Master_mconsumospesos_rank_lag1	3.93629497459104e-05	0.0001346489611507	0.000320487140453489
Master_msaldototal_rank_delta1	3.92825935513763e-05	0.000343701979257523	0.000320487140453489
ctarjeta_master_descuentos_avg3	3.88513324334032e-05	0.00204626282524066	0.000240365355340117
ccajas_extracciones	3.87969805604091e-05	0.000608957560996563	0.000400608925566862
vm_mpagosdolares_rank_delta1	3.82420447100032e-05	0.00146393012720514	0.000240365355340117
mpagodeservicios_rank_lag2	3.81942110371845e-05	0.000919235697220292	0.000160243570226745
ccajas_consultas	3.81524572979056e-05	0.000611764620156054	0.000240365355340117
mforex_buy_rank_delta2	3.80036120626835e-05	0.000535075237800658	0.000240365355340117
Master_msaldodolares_rank_lag1	3.78300398019029e-05	0.000110719357257679	0.000240365355340117
vmr_Visa_mlimitecompra_delta1	3.74194944644933e-05	0.00189798850196124	0.000240365355340117
mcheques_emitidos_rank_delta2	3.71558587395851e-05	0.00139043362393275	0.000240365355340117
ctarjeta_master_transacciones_delta2	3.7089680697266e-05	0.000327428489471902	0.000160243570226745
ccomisiones_mantenimiento_lag1	3.70464093911098e-05	0.000266514976887129	0.000160243570226745
ccheques_depositados_rechazados_avg3	3.69812577055437e-05	0.00165846995892741	0.000240365355340117
cextraccion_autoservicio	3.6138998422693e-05	3.39225591281199e-05	0.000160243570226745
cseguro_vida_delta2	3.56284641450301e-05	0.000825269912493981	0.000320487140453489
cseguro_vivienda_lag2	3.53929196638561e-05	9.75718857160525e-05	0.000160243570226745
Visa_Finiciomora_delta1	3.53635735935438e-05	0.00110486221184573	0.000160243570226745
cextraccion_autoservicio_delta2	3.51652591491104e-05	0.000931591799486966	0.000160243570226745
vm_status06_avg3	3.5057647604134e-05	0.000139852049721613	0.000160243570226745
mforex_sell_rank_lag2	3.49946493071686e-05	0.00123658354511084	0.000240365355340117
ccheques_depositados_rechazados_lag2	3.48578872698249e-05	0.00042980229872475	8.01217851133723e-05
vmr_mpagado_tend3	3.48138716792768e-05	0.000225283760798645	0.000160243570226745
mcheques_depositados_rank	3.47506795618265e-05	0.00181058275201414	0.000240365355340117
mcaja_ahorro_adicional_rank_lag1	3.4514922427969e-05	0.000816950670393027	0.000240365355340117
cplazo_fijo_delta1	3.39867432499627e-05	0.000105166619381074	0.000160243570226745
vmr_msaldodolares2_delta2	3.38223042901255e-05	0.00092421737776691	0.000240365355340117
Master_msaldopesos_rank_lag2	3.37882330134796e-05	0.000402407988075323	0.000320487140453489
ctarjeta_master_transacciones_lag2	3.37592294831431e-05	6.17816074126986e-05	0.000160243570226745
ccajas_consultas_delta2	3.36708564760393e-05	0.000304519335433424	8.01217851133723e-05
ccajas_transacciones	3.36068664716611e-05	0.000206238286392034	0.000240365355340117
catm_trx_other_lag1	3.36035193887224e-05	8.30784287594099e-05	0.000160243570226745
mttarjeta_master_debitos_automaticos_rank_delta2	3.34948723208255e-05	8.09597074180207e-05	0.000160243570226745
vm_fechaalta_delta2	3.34849769412056e-05	5.32990494918443e-05	8.01217851133723e-05
ctarjeta_master_transacciones_delta1	3.33807823987091e-05	0.00131877853393173	0.000160243570226745
ccajas_otras_delta2	3.33665786054246e-05	9.74513169899517e-05	0.000160243570226745
catm_trx_tend3	3.31349102027074e-05	0.000275642029452958	0.000160243570226745
minversion1_pesos_rank_lag1	3.30642690902267e-05	0.000536440952643581	8.01217851133723e-05
cforex_buy_delta2	3.27067952062189e-05	0.000798750273148449	0.000240365355340117
Master_mconsumototal_rank_lag2	3.24565569298902e-05	5.33966005520531e-05	0.000160243570226745
minversion2_rank	3.17733337348765e-05	0.00242824537503518	0.000240365355340117
cpagomiscuentas_tend3	3.17463518878896e-05	0.000888173905138745	0.000240365355340117
vmr_msaldodolares_avg3	3.12925458909098e-05	0.00115847693218409	0.000480730710680234
mforex_buy_rank_lag2	3.1101079727661e-05	0.000250860771921934	0.000160243570226745
mttarjeta_master_debitos_automaticos_rank	3.10603936454496e-05	0.00066885171980612	0.000160243570226745
Master_cconsumos_delta2	3.09565600413404e-05	8.14737686229413e-05	0.000320487140453489
Visa_Finiciomora_lag1	3.07684786285666e-05	0.000560209432875359	0.000240365355340117
vm_mconsumosdolares_rank_delta2	3.05649278314865e-05	3.46065126289098e-05	0.000160243570226745
cpagodeservicios_avg3	2.98826343329152e-05	0.000575141321563277	0.000160243570226745
ctarjeta_visa_descuentos_tend3	2.97449417203991e-05	0.00152738654383131	0.000160243570226745
mcajeros_propios_descuentos_rank	2.97012919287141e-05	0.0017981773261777	0.000320487140453489
catm_trx_other_tend3	2.93851404098887e-05	0.000141063217379262	0.000160243570226745
vmr_msaldodolares2_tend3	2.93237485907242e-05	0.000159976066187162	0.000160243570226745
mcajeros_propios_descuentos_rank_lag2	2.86940719125709e-05	0.000111851607203698	8.01217851133723e-05
mttarjeta_master_debitos_automaticos_rank_lag1	2.82889479004935e-05	8.81565642869094e-05	0.000240365355340117
vmr_Master_mlimitecompra_delta2	2.80583527567483e-05	0.000773789258607602	0.000240365355340117
Visa_mpagado_rank_delta1	2.80166035209611e-05	0.000110575770865686	0.000160243570226745
vm_msaldodolares_rank_lag2	2.79812168677413e-05	0.000360361288966667	0.000240365355340117
Visa_status_tend3	2.77425170590118e-05	3.7861868233631e-05	0.000160243570226745
mtarjeta_master_consumo_rank_lag1	2.76306099024558e-05	4.54872921198416e-05	0.000160243570226745
ccheques_depositados_lag2	2.74588234409144e-05	0.000123090804634948	8.01217851133723e-05
Master_mpagosdolares_rank_lag2	2.73885303055519e-05	0.000913410035590967	0.000400608925566862
vmr_msaldodolares2	2.69200204160379e-05	0.000935916928515999	0.000160243570226745
tcuentas_avg3	2.68696770900628e-05	0.000999896174981717	0.000160243570226745
Visa_msaldodolares_rank_delta2	2.68340616100337e-05	0.000512721795981572	0.000240365355340117
vmr_mpagosdolares_lag2	2.67944698351261e-05	0.00103108072794802	0.000400608925566862
mcheques_emitidos_rechazados_rank_lag1	2.61821156045613e-05	0.00154163009470112	0.000160243570226745
ccajas_depositos	2.61088400592504e-05	0.00081892799750108	0.000160243570226745
vmr_mconsumototal_lag2	2.58474828814832e-05	9.71148206361977e-05	0.000160243570226745
ccallcenter_transacciones	2.56398433532627e-05	5.37550184923709e-05	8.01217851133723e-05
cforex_sell_lag1	2.56163610488862e-05	0.000138700070347687	0.000160243570226745
ccheques_depositados_lag1	2.51582509300676e-05	0.000880860863861068	0.000160243570226745
mtarjeta_visa_descuentos_rank_delta2	2.50076080602104e-05	0.000395319643059925	0.000240365355340117
cpayroll_trx_tend3	2.49539277292324e-05	7.06061420839478e-05	0.000240365355340117
vmr_msaldodolares_lag2	2.49288954548065e-05	0.000143464727187324	0.000240365355340117
mpagodeservicios_rank	2.49029209620343e-05	0.00140087487561308	0.000160243570226745
ccajeros_propios_descuentos_lag2	2.40585615142523e-05	0.000632757827528858	0.000160243570226745
Visa_status_delta1	2.37823045889639e-05	0.000205828352723291	8.01217851133723e-05
vmr_madelantopesos_avg3	2.34908667225235e-05	0.000312277384918346	8.01217851133723e-05
ccajas_consultas_lag1	2.34628576400534e-05	0.000100281393815336	0.000160243570226745
ccajas_depositos_delta2	2.33840096278337e-05	0.000115578276919541	0.000160243570226745
vm_status01_delta1	2.32890610834156e-05	7.63200036217969e-06	8.01217851133723e-05
mforex_sell_rank_delta2	2.3265932028538e-05	0.000865786484860485	0.000160243570226745
ccallcenter_transacciones_lag2	2.32261202827729e-05	8.12205742981297e-05	0.000160243570226745
vm_status06	2.32016907073521e-05	9.27403680373956e-05	8.01217851133723e-05
thomebanking_lag1	2.302236210539e-05	3.38600826064132e-05	0.000160243570226745
Visa_status_lag2	2.29384354725759e-05	0.000577132897702596	8.01217851133723e-05
tcallcenter_tend3	2.25519912852135e-05	0.000104347848122917	0.000160243570226745
Visa_status_delta2	2.22721208020846e-05	8.69508770259015e-05	8.01217851133723e-05
Master_madelantopesos_rank_lag1	2.18773860159415e-05	2.70249319158268e-05	0.000160243570226745
cseguro_vivienda_avg3	2.16104502201548e-05	0.000167136752438221	0.000160243570226745
vmr_mpagosdolares_delta2	2.13531149900406e-05	0.000276716187194583	0.000160243570226745
vmr_mpagosdolares	2.12541035615041e-05	0.000108198374802844	0.000160243570226745
mcajeros_propios_descuentos_rank_delta1	2.12361700738397e-05	6.64410406368298e-05	8.01217851133723e-05
ctarjeta_master_debitos_automaticos_avg3	2.1198860230557e-05	0.000141697847310283	0.000240365355340117
thomebanking_lag2	2.09995596930582e-05	4.19831265076215e-05	0.000160243570226745
mtarjeta_master_consumo_rank_tend3	2.0835587558585e-05	4.6342233995829e-05	0.000160243570226745
vmr_mpagosdolares_tend3	2.07505600966422e-05	0.00065264399478019	0.000160243570226745
ccajas_extracciones_tend3	2.05265667422729e-05	9.84257315127117e-05	0.000240365355340117
cforex_sell_avg3	2.02335126715019e-05	6.24228138196891e-05	8.01217851133723e-05
catm_trx_other	2.02142926749203e-05	0.00041070750074837	0.000240365355340117
ctarjeta_master_delta1	2.01672687244255e-05	0.000345997169370751	8.01217851133723e-05
vm_madelantopesos_rank	1.983583809382e-05	0.000783740562828229	8.01217851133723e-05
active_quarter_delta2	1.94482776995522e-05	0.000317105614359018	8.01217851133723e-05
ccajeros_propios_descuentos_avg3	1.93885539297939e-05	0.000790504468362484	0.000160243570226745
mforex_buy_rank_lag1	1.93719283563627e-05	8.3745941070277e-05	8.01217851133723e-05
ctarjeta_visa_descuentos_avg3	1.93685153686667e-05	6.63643150838566e-05	8.01217851133723e-05
cseguro_accidentes_personales_delta2	1.93501288201215e-05	0.000228048072864337	8.01217851133723e-05
ccheques_depositados_tend3	1.92077675146011e-05	0.000578251994696677	8.01217851133723e-05
Master_delinquency_avg3	1.91966304893545e-05	6.91187624355954e-06	8.01217851133723e-05
thomebanking_tend3	1.90062624011864e-05	9.05690348882533e-05	8.01217851133723e-05
Master_mconsumosdolares_rank_lag2	1.8898419371328e-05	4.24982837918703e-05	0.000160243570226745
vm_msaldodolares_rank	1.88892067649932e-05	0.000337482825149379	8.01217851133723e-05
mcaja_ahorro_adicional_rank_avg3	1.87964568032773e-05	0.000108862598875727	8.01217851133723e-05
cplazo_fijo_lag1	1.86829073001704e-05	7.91577530024781e-05	8.01217851133723e-05
cseguro_accidentes_personales_lag1	1.85827619459599e-05	4.37719279712259e-05	8.01217851133723e-05
vm_status02_lag2	1.84772124016541e-05	0.00040258555292649	8.01217851133723e-05
ctarjeta_master_debitos_automaticos_lag2	1.81241874182851e-05	2.33760838322858e-05	0.000160243570226745
Master_mconsumospesos_rank_lag2	1.80701776047114e-05	4.71445640640633e-05	0.000320487140453489
cpayroll_trx_delta1	1.7746548326175e-05	0.000218321464905989	8.01217851133723e-05
mpagodeservicios_rank_delta1	1.7737096705254e-05	0.000302692171193333	8.01217851133723e-05
ctarjeta_visa_descuentos_delta2	1.76398019514775e-05	2.83566682995764e-05	8.01217851133723e-05
mforex_sell_rank_delta1	1.75732579729936e-05	0.000381429029733787	0.000240365355340117
vmr_Visa_mlimitecompra_tend3	1.72412574309997e-05	2.54268482553274e-05	8.01217851133723e-05
ccajas_extracciones_delta1	1.71648641513054e-05	0.000117956769061711	8.01217851133723e-05
matm_rank_lag1	1.70024221056132e-05	1.17412017635601e-05	8.01217851133723e-05
ctarjeta_master_transacciones_lag1	1.69795540335744e-05	2.36950429167888e-05	8.01217851133723e-05
cforex_lag1	1.64530699259248e-05	3.56160016901719e-05	8.01217851133723e-05
mtarjeta_master_consumo_rank_lag2	1.6412884060821e-05	2.17571746645507e-05	0.000160243570226745
cpayroll_trx_lag2	1.61672800971814e-05	1.97557338112777e-05	0.000160243570226745
mcheques_emitidos_rank_delta1	1.61383861335039e-05	0.000693389647726286	8.01217851133723e-05
mtarjeta_visa_descuentos_rank_delta1	1.59199619508055e-05	6.19843820884135e-05	8.01217851133723e-05
Visa_mpagosdolares_rank_delta1	1.58010091363335e-05	0.000902919460340871	0.000160243570226745
vm_mpagado_rank_lag1	1.57652949090097e-05	0.000399550509266735	8.01217851133723e-05
ccajas_depositos_lag1	1.56458438545728e-05	0.000150015993331909	8.01217851133723e-05
ctarjeta_visa_lag2	1.55935471115925e-05	0.000617960756598307	8.01217851133723e-05
ccajas_depositos_delta1	1.54903824407695e-05	0.000670708478188072	8.01217851133723e-05
mv_status07_rank_lag2	1.54566725693362e-05	1.52344065824983e-05	0.000160243570226745
Master_mconsumosdolares_rank_delta1	1.5208958582512e-05	1.56706461551175e-05	8.01217851133723e-05
Visa_fechaalta_delta2	1.51710712556589e-05	4.13715142424921e-05	8.01217851133723e-05
ctarjeta_master_debitos_automaticos_delta1	1.51168817280502e-05	9.06643937898057e-05	8.01217851133723e-05
Master_Fvencimiento_delta1	1.47772439780233e-05	1.70637629812456e-05	0.000160243570226745
Visa_delinquency_lag1	1.45854248867828e-05	1.0284512336397e-05	8.01217851133723e-05
vm_status04_avg3	1.4584091853226e-05	3.28736112110431e-05	8.01217851133723e-05
vm_mpagosdolares_rank_lag1	1.44938247433985e-05	8.56870975604996e-05	0.000160243570226745
vm_mpagosdolares_rank_lag2	1.44832287962089e-05	0.000896198301900416	0.000240365355340117
ctarjeta_debito_delta2	1.4372697511302e-05	0.000599332888415735	8.01217851133723e-05
ctarjeta_master_descuentos	1.41148763434442e-05	6.88502230001891e-05	8.01217851133723e-05
Master_mconsumototal_rank	1.40861919568948e-05	2.64505863478558e-05	8.01217851133723e-05
vm_mpagado_rank_delta1	1.40696399771092e-05	0.00033510981340385	0.000240365355340117
mtarjeta_master_consumo_rank_delta1	1.38274419713247e-05	1.20678334033604e-05	8.01217851133723e-05
mtarjeta_visa_descuentos_rank_lag1	1.3785417583176e-05	0.00066707826345311	8.01217851133723e-05
Master_mconsumosdolares_rank_lag1	1.37307640860762e-05	1.25654534183582e-05	8.01217851133723e-05
ccajas_otras_lag2	1.36269060972067e-05	4.69220599604409e-05	8.01217851133723e-05
ccajas_transacciones_lag1	1.35033891586119e-05	3.3395344971261e-05	8.01217851133723e-05
vm_mpagado_rank	1.34971607196859e-05	4.1121608155665e-05	8.01217851133723e-05
Master_fechaalta_delta1	1.33084393717192e-05	5.48313683926524e-05	8.01217851133723e-05
vm_msaldodolares_rank_delta2	1.28603641309234e-05	5.6105012572008e-05	0.000160243570226745
Master_mpagado_rank_lag1	1.2805483262411e-05	0.000714289688356193	8.01217851133723e-05
mcheques_emitidos_rank_lag1	1.2775386756596e-05	1.02593025118486e-05	8.01217851133723e-05
vmr_msaldodolares_delta1	1.26233453603294e-05	0.000433640768532068	8.01217851133723e-05
mtarjeta_visa_descuentos_rank_lag2	1.24533174162037e-05	7.2358772929722e-05	0.000160243570226745
ccheques_emitidos_lag1	1.22395318711943e-05	1.48496827383039e-05	8.01217851133723e-05
ccheques_depositados	1.20471207355511e-05	0.000800375758792153	8.01217851133723e-05
Master_mpagado_rank_delta1	1.18514706007712e-05	0.000426885631632439	8.01217851133723e-05
vmr_Master_mlimitecompra_delta1	1.17953584117107e-05	6.47059470603067e-05	8.01217851133723e-05
Master_Finiciomora_tend3	1.16928255478272e-05	0.000727945740706099	8.01217851133723e-05
vm_status04_lag2	1.16234671341449e-05	2.18415727728213e-05	0.000160243570226745
cseguro_vivienda_delta1	1.15925914418769e-05	0.000650974665963358	8.01217851133723e-05
mcheques_emitidos_rank	1.15556259028954e-05	0.000570417219658783	8.01217851133723e-05
tcallcenter_lag2	1.15233396016792e-05	5.7079427094768e-05	8.01217851133723e-05
cinversion1_lag2	1.14131538773828e-05	0.000102722362479212	8.01217851133723e-05
mprestamos_prendarios_rank_delta2	1.10617110475531e-05	0.00081078741633062	8.01217851133723e-05
mforex_buy_rank_delta1	1.10091278385613e-05	0.000786134400080994	8.01217851133723e-05
ccajeros_propios_descuentos_delta2	1.09178857776914e-05	2.33410092937838e-05	8.01217851133723e-05
minversion1_pesos_rank_delta2	1.09168005460219e-05	0.000809820674363157	8.01217851133723e-05
mcaja_ahorro_adicional_rank_lag2	1.08284591732015e-05	0.000205994956781176	8.01217851133723e-05
mplazo_fijo_dolares_rank_lag1	1.07916948634121e-05	1.28504340436873e-05	8.01217851133723e-05
vm_Finiciomora_lag2	1.07675201197194e-05	0.0005584535137916	8.01217851133723e-05
cseguro_accidentes_personales	1.01005938530807e-05	7.75487085486967e-05	8.01217851133723e-05
vmr_mpagado_delta1	9.88841656264046e-06	3.31300937738393e-05	8.01217851133723e-05
vmr_madelantopesos	9.51831565666567e-06	0.000786895079134757	8.01217851133723e-05
mcheques_depositados_rank_delta2	9.42847780649047e-06	0.000619478826467848	8.01217851133723e-05
cseguro_vida_lag1	9.25462984414197e-06	0.000200674587722146	8.01217851133723e-05
ccheques_emitidos_rechazados_delta2	9.00655027813723e-06	0.000829859196641108	8.01217851133723e-05
Visa_delinquency_tend3	8.80713917854308e-06	2.29168265937746e-05	8.01217851133723e-05
minversion1_pesos_rank_delta1	8.45414099644206e-06	0.000786271409997018	8.01217851133723e-05
catm_trx_delta1	8.09965512428719e-06	1.53177086114406e-05	8.01217851133723e-05
cprestamos_hipotecarios	7.56739775990165e-06	0.000761820072343779	8.01217851133723e-05
tcallcenter_delta2	7.53527929613396e-06	5.31905376383535e-05	8.01217851133723e-05
vm_status02_tend3	6.58572112336078e-06	3.73401344734131e-05	0.000160243570226745
Visa_Fvencimiento_delta1	6.49666162204533e-06	7.74380045365496e-06	8.01217851133723e-05
cpayroll_trx_delta2	6.07479560479887e-06	3.27245444224094e-05	8.01217851133723e-05
ccajas_transacciones_delta1	5.89971258729933e-06	5.20308857091296e-05	8.01217851133723e-05
cseguro_vida_delta1	5.69174941180009e-06	0.000814567793933544	0.000320487140453489
Visa_fechaalta_delta1	5.3735707450224e-06	8.06988405379117e-05	8.01217851133723e-05
Master_fechaalta_delta2	5.15556703467536e-06	4.21409619308807e-05	8.01217851133723e-05
vmr_mpagosdolares_lag1	4.28159015374298e-06	0.000156357908324811	0.000240365355340117
minversion2_rank_lag1	4.10237957621694e-06	0.000256755486548934	8.01217851133723e-05
vmr_msaldodolares_lag1	3.27504618310773e-06	0.000198791523436318	8.01217851133723e-05
Visa_delinquency_lag2	3.01470701415765e-06	1.03590457307138e-05	8.01217851133723e-05
Visa_msaldodolares_rank_lag2	2.23177612744229e-06	0.000411481332754071	0.000160243570226745
Master_msaldodolares_rank_delta1	2.08577896630517e-06	0.000366033499490045	0.000160243570226745
cextraccion_autoservicio_tend3	1.78878263771686e-06	1.43531588026344e-05	8.01217851133723e-05
cforex_lag2	1.51180625216178e-06	4.91229872514443e-05	8.01217851133723e-05
cforex	1.27773628009012e-06	6.5032578700107e-05	8.01217851133723e-05
cseguro_vida_tend3	1.24276501906321e-06	0.00022589208482579	8.01217851133723e-05
cforex_sell_delta1	1.02589948387403e-06	3.61991158927684e-05	8.01217851133723e-05
mcajeros_propios_descuentos_rank_delta2	4.41050699862378e-07	1.9710794558822e-05	8.01217851133723e-05
ccajas_depositos_lag2	4.26955978951164e-07	3.52126444973983e-05	8.01217851133723e-05
Master_status_delta2	3.64123399412027e-07	1.24273474230064e-05	8.01217851133723e-05
ccajeros_propios_descuentos	6.74576106416866e-08	2.25299105909239e-05	8.01217851133723e-05
ccajeros_propios_descuentos_delta1	4.89537653587353e-08	1.78562283355262e-05	8.01217851133723e-05
vm_status04_delta2	1.63538482457662e-09	0.000114450411290834	8.01217851133723e-05
vm_status02	8.60569925076852e-10	0.000122251207869555	8.01217851133723e-05
vm_status01	8.5764454333862e-10	1.21226373697698e-05	8.01217851133723e-05
ctarjeta_visa_descuentos	8.38022324359702e-19	0.000121961842926913	8.01217851133723e-05
